market_name,report_date,contract_code,open_interest,mm_long,mm_short,sd_long,sd_short,pm_long,pm_short,tot_long,tot_short,nrep_long,nrep_short,mm_net,sd_net,pm_net,year
"CRUDE OIL, LIGHT SWEET - NEW YORK MERCANTILE EXCHANGE",2016-01-05 00:00:00,067651,1703201,231998,182562,234339,210155,162630,375379,1616597,1620985,86604,82216,49436,24184,-212749,2016
GOLD - COMMODITY EXCHANGE INC.,2016-01-05 00:00:00,088691,413688,79732,95659,62783,37206,22948,67800,379767,372482,33921,41206,-15927,25577,-44852,2016
"CRUDE OIL, LIGHT SWEET - NEW YORK MERCANTILE EXCHANGE",2016-01-12 00:00:00,067651,1756232,249863,213491,250440,203695,171050,396035,1660052,1674788,96180,81444,36372,46745,-224985,2016
GOLD - COMMODITY EXCHANGE INC.,2016-01-12 00:00:00,088691,397565,82908,82816,52700,44470,23309,75124,359713,358580,37852,38985,92,8230,-51815,2016
"CRUDE OIL, LIGHT SWEET - NEW YORK MERCANTILE EXCHANGE",2016-01-19 00:00:00,067651,1686382,240700,184037,232689,193648,168623,398711,1593242,1604917,93140,81465,56663,39041,-230088,2016
GOLD - COMMODITY EXCHANGE INC.,2016-01-19 00:00:00,088691,408835,84054,83615,53388,44569,24206,73168,375086,371535,33749,37300,439,8819,-48962,2016
"CRUDE OIL, LIGHT SWEET - NEW YORK MERCANTILE EXCHANGE",2016-01-26 00:00:00,067651,1761883,268202,191118,235095,191388,189269,442026,1674412,1677752,87471,84131,77084,43707,-252757,2016
GOLD - COMMODITY EXCHANGE INC.,2016-01-26 00:00:00,088691,385350,95745,78942,47192,54416,19845,72454,346807,347600,38543,37750,16803,-7224,-52609,2016
"CRUDE OIL, LIGHT SWEET - NEW YORK MERCANTILE EXCHANGE",2016-02-02 00:00:00,067651,1855603,272485,206215,227385,189782,224224,467613,1762659,1771572,92944,84031,66270,37603,-243389,2016
GOLD - COMMODITY EXCHANGE INC.,2016-02-02 00:00:00,088691,379185,100566,71530,48605,69970,24395,80385,339606,344139,39579,35046,29036,-21365,-55990,2016
"CRUDE OIL, LIGHT SWEET - NEW YORK MERCANTILE EXCHANGE",2016-02-09 00:00:00,067651,1854379,270210,197807,239806,188146,211963,464509,1753971,1766980,100408,87399,72403,51660,-252546,2016
GOLD - COMMODITY EXCHANGE INC.,2016-02-09 00:00:00,088691,410833,121059,60423,52921,90104,23988,91728,368858,375353,41975,35480,60636,-37183,-67740,2016
"CRUDE OIL, LIGHT SWEET - NEW YORK MERCANTILE EXCHANGE",2016-02-16 00:00:00,067651,1840051,267102,209241,269405,187672,182897,433625,1739823,1749831,100228,90220,57861,81733,-250728,2016
GOLD - COMMODITY EXCHANGE INC.,2016-02-16 00:00:00,088691,428912,126219,45206,55745,101954,26085,111860,383141,397765,45771,31147,81013,-46209,-85775,2016
"CRUDE OIL, LIGHT SWEET - NEW YORK MERCANTILE EXCHANGE",2016-02-23 00:00:00,067651,1776696,275705,173453,258565,210730,176022,437086,1684558,1691931,92138,84765,102252,47835,-261064,2016
GOLD - COMMODITY EXCHANGE INC.,2016-02-23 00:00:00,088691,445290,141373,32276,53429,112630,19329,123277,395842,414013,49448,31277,109097,-59201,-103948,2016
"CRUDE OIL, LIGHT SWEET - NEW YORK MERCANTILE EXCHANGE",2016-03-01 00:00:00,067651,1800298,279333,154922,262169,199294,166361,442114,1711123,1711483,89175,88815,124411,62875,-275753,2016
GOLD - COMMODITY EXCHANGE INC.,2016-03-01 00:00:00,088691,450555,133823,29453,56255,115019,16920,129587,399407,418425,51148,32130,104370,-58764,-112667,2016
"CRUDE OIL, LIGHT SWEET - NEW YORK MERCANTILE EXCHANGE",2016-03-08 00:00:00,067651,1816474,286827,121576,262414,221932,177906,459477,1725226,1722063,91248,94411,165251,40482,-281571,2016
GOLD - COMMODITY EXCHANGE INC.,2016-03-08 00:00:00,088691,499110,160317,32890,54685,124070,17739,143726,445590,466152,53520,32958,127427,-69385,-125987,2016
"CRUDE OIL, LIGHT SWEET - NEW YORK MERCANTILE EXCHANGE",2016-03-15 00:00:00,067651,1782857,297622,102677,237940,237962,170375,438090,1694019,1691900,88838,90957,194945,-22,-267715,2016
GOLD - COMMODITY EXCHANGE INC.,2016-03-15 00:00:00,088691,493086,159202,29425,60147,121729,19486,143435,443276,459295,49810,33791,129777,-61582,-123949,2016
"CRUDE OIL, LIGHT SWEET - NEW YORK MERCANTILE EXCHANGE",2016-03-22 00:00:00,067651,1705631,294899,68813,231699,241846,151986,438768,1620303,1609255,85328,96376,226086,-10147,-286782,2016
GOLD - COMMODITY EXCHANGE INC.,2016-03-22 00:00:00,088691,510579,174457,29558,59953,129680,19858,150125,459017,480180,51562,30399,144899,-69727,-130267,2016
"CRUDE OIL, LIGHT SWEET - NEW YORK MERCANTILE EXCHANGE",2016-03-29 00:00:00,067651,1734511,291100,81918,222296,238375,167139,456110,1643567,1643106,90944,91405,209182,-16079,-288971,2016
GOLD - COMMODITY EXCHANGE INC.,2016-03-29 00:00:00,088691,480461,184135,29930,56815,138284,24190,150685,431038,449196,49423,31265,154205,-81469,-126495,2016
"CRUDE OIL, LIGHT SWEET - NEW YORK MERCANTILE EXCHANGE",2016-04-05 00:00:00,067651,1773774,289770,113262,226490,231652,168241,450906,1678667,1676364,95107,97410,176508,-5162,-282665,2016
GOLD - COMMODITY EXCHANGE INC.,2016-04-05 00:00:00,088691,474094,186716,33958,57395,134821,21204,151023,426534,443379,47560,30715,152758,-77426,-129819,2016
"CRUDE OIL, LIGHT SWEET - NEW YORK MERCANTILE EXCHANGE",2016-04-12 00:00:00,067651,1803510,289000,87980,251379,244973,171147,456787,1710192,1700265,93318,103245,201020,6406,-285640,2016
GOLD - COMMODITY EXCHANGE INC.,2016-04-12 00:00:00,088691,504523,202500,31866,60602,149196,21129,164322,455491,473471,49032,31052,170634,-88594,-143193,2016
"CRUDE OIL, LIGHT SWEET - NEW YORK MERCANTILE EXCHANGE",2016-04-19 00:00:00,067651,1714186,297733,75862,219454,248547,156094,452779,1626330,1617933,87856,96253,221871,-29093,-296685,2016
GOLD - COMMODITY EXCHANGE INC.,2016-04-19 00:00:00,088691,503331,208661,34554,56336,150230,20069,166296,453126,476410,50205,26921,174107,-93894,-146227,2016
"CRUDE OIL, LIGHT SWEET - NEW YORK MERCANTILE EXCHANGE",2016-04-26 00:00:00,067651,1714689,296197,72730,220676,254690,169991,461052,1627025,1617835,87664,96854,223467,-34014,-291061,2016
GOLD - COMMODITY EXCHANGE INC.,2016-04-26 00:00:00,088691,497884,206476,34426,55117,148610,18752,165367,450854,470105,47030,27779,172050,-93493,-146615,2016
"CRUDE OIL, LIGHT SWEET - NEW YORK MERCANTILE EXCHANGE",2016-05-03 00:00:00,067651,1748628,285229,72472,223876,250688,184485,472880,1659228,1655891,89400,92737,212757,-26812,-288395,2016
GOLD - COMMODITY EXCHANGE INC.,2016-05-03 00:00:00,088691,565774,248842,29947,54485,179418,19259,189227,514551,537804,51223,27970,218895,-124933,-169968,2016
"CRUDE OIL, LIGHT SWEET - NEW YORK MERCANTILE EXCHANGE",2016-05-10 00:00:00,067651,1724987,284570,92839,236744,244831,209526,493060,1632538,1632199,92449,92788,191731,-8087,-283534,2016
GOLD - COMMODITY EXCHANGE INC.,2016-05-10 00:00:00,088691,579777,246782,35591,54725,181621,20797,178897,528067,548165,51710,31612,211191,-126896,-158100,2016
"CRUDE OIL, LIGHT SWEET - NEW YORK MERCANTILE EXCHANGE",2016-05-17 00:00:00,067651,1698980,294071,72245,219249,275385,190853,486146,1602360,1585020,96620,113960,221826,-56136,-295293,2016
GOLD - COMMODITY EXCHANGE INC.,2016-05-17 00:00:00,088691,595077,247059,34618,54437,195669,21631,170642,542362,566317,52715,28760,212441,-141232,-149011,2016
"CRUDE OIL, LIGHT SWEET - NEW YORK MERCANTILE EXCHANGE",2016-05-24 00:00:00,067651,1657419,281321,70336,204663,259055,164234,451584,1561615,1555215,95804,102204,210985,-54392,-287350,2016
GOLD - COMMODITY EXCHANGE INC.,2016-05-24 00:00:00,088691,542958,205180,48719,47330,175665,59557,156435,490244,508825,52714,34133,156461,-128335,-96878,2016
"CRUDE OIL, LIGHT SWEET - NEW YORK MERCANTILE EXCHANGE",2016-05-31 00:00:00,067651,1709540,273948,63302,202310,252194,182723,472201,1611884,1604244,97656,105296,210646,-49884,-289478,2016
GOLD - COMMODITY EXCHANGE INC.,2016-05-31 00:00:00,088691,494321,192160,43549,47595,166664,47227,142196,446974,463877,47347,30444,148611,-119069,-94969,2016
"CRUDE OIL, LIGHT SWEET - NEW YORK MERCANTILE EXCHANGE",2016-06-07 00:00:00,067651,1748314,281955,89364,213759,249547,181530,465904,1647325,1642305,100989,106009,192591,-35788,-284374,2016
GOLD - COMMODITY EXCHANGE INC.,2016-06-07 00:00:00,088691,496330,212061,34695,46410,168675,26136,147563,449760,464833,46570,31497,177366,-122265,-121427,2016
"CRUDE OIL, LIGHT SWEET - NEW YORK MERCANTILE EXCHANGE",2016-06-14 00:00:00,067651,1774350,268734,116036,209345,251408,181567,457036,1670047,1674994,104303,99356,152698,-42063,-275469,2016
GOLD - COMMODITY EXCHANGE INC.,2016-06-14 00:00:00,088691,545357,257500,28260,44717,192524,26395,176665,499763,517978,45594,27379,229240,-147807,-150270,2016
"CRUDE OIL, LIGHT SWEET - NEW YORK MERCANTILE EXCHANGE",2016-06-21 00:00:00,067651,1726381,279417,98441,217589,258900,173452,449722,1636146,1635132,90235,91249,180976,-41311,-276270,2016
GOLD - COMMODITY EXCHANGE INC.,2016-06-21 00:00:00,088691,571517,274936,24528,42538,205548,28287,177414,524006,543414,47511,28103,250408,-163010,-149127,2016
"CRUDE OIL, LIGHT SWEET - NEW YORK MERCANTILE EXCHANGE",2016-06-28 00:00:00,067651,1720740,275846,123235,211378,248784,193911,464289,1628844,1632389,91896,88351,152611,-37406,-270378,2016
GOLD - COMMODITY EXCHANGE INC.,2016-06-28 00:00:00,088691,613792,285895,24845,41808,218538,30055,179646,564661,589062,49131,24730,261050,-176730,-149591,2016
"CRUDE OIL, LIGHT SWEET - NEW YORK MERCANTILE EXCHANGE",2016-07-05 00:00:00,067651,1751823,278085,132720,203002,244439,204086,467686,1657477,1662842,94346,88981,145365,-41437,-263600,2016
GOLD - COMMODITY EXCHANGE INC.,2016-07-05 00:00:00,088691,652971,300070,26994,43240,234339,29270,178378,602182,626426,50789,26545,273076,-191099,-149108,2016
"CRUDE OIL, LIGHT SWEET - NEW YORK MERCANTILE EXCHANGE",2016-07-12 00:00:00,067651,1728765,283738,129209,216190,244099,208422,473865,1633745,1632302,95020,96463,154529,-27909,-265443,2016
GOLD - COMMODITY EXCHANGE INC.,2016-07-12 00:00:00,088691,633020,296106,36977,39218,222887,35210,176993,580467,608456,52553,24564,259129,-183669,-141783,2016
"CRUDE OIL, LIGHT SWEET - NEW YORK MERCANTILE EXCHANGE",2016-07-19 00:00:00,067651,1685116,289395,153309,208551,243512,181793,442834,1588770,1595191,96346,89925,136086,-34961,-261041,2016
GOLD - COMMODITY EXCHANGE INC.,2016-07-19 00:00:00,088691,617069,287317,34920,37838,217412,31861,167764,561455,591021,55614,26048,252397,-179574,-135903,2016
"CRUDE OIL, LIGHT SWEET - NEW YORK MERCANTILE EXCHANGE",2016-07-26 00:00:00,067651,1718306,291432,190825,213711,240035,191578,449595,1611728,1622770,106578,95536,100607,-26324,-258017,2016
GOLD - COMMODITY EXCHANGE INC.,2016-07-26 00:00:00,088691,576325,278777,31356,35575,209397,31448,166649,520496,550564,55829,25761,247421,-173822,-135201,2016
"CRUDE OIL, LIGHT SWEET - NEW YORK MERCANTILE EXCHANGE",2016-08-02 00:00:00,067651,1792640,292454,227763,215743,243886,209219,460778,1684228,1696738,108412,95902,64691,-28143,-251559,2016
GOLD - COMMODITY EXCHANGE INC.,2016-08-02 00:00:00,088691,582211,288542,33813,37132,214285,29097,175971,527760,557604,54451,24607,254729,-177153,-146874,2016
"CRUDE OIL, LIGHT SWEET - NEW YORK MERCANTILE EXCHANGE",2016-08-09 00:00:00,067651,1829979,307186,232202,246971,244415,226696,487459,1729683,1729640,100296,100339,74984,2556,-260763,2016
GOLD - COMMODITY EXCHANGE INC.,2016-08-09 00:00:00,088691,575399,281496,36244,32598,208731,29067,165875,522742,549236,52657,26163,245252,-176133,-136808,2016
"CRUDE OIL, LIGHT SWEET - NEW YORK MERCANTILE EXCHANGE",2016-08-16 00:00:00,067651,1852402,308899,175322,231943,233267,228313,519418,1762455,1747384,89947,105018,133577,-1324,-291105,2016
GOLD - COMMODITY EXCHANGE INC.,2016-08-16 00:00:00,088691,572496,277152,34425,32762,204547,30091,169299,519971,547113,52525,25383,242727,-171785,-139208,2016
"CRUDE OIL, LIGHT SWEET - NEW YORK MERCANTILE EXCHANGE",2016-08-23 00:00:00,067651,1747499,320757,100651,206569,254497,206377,501997,1660162,1649966,87337,97533,220106,-47928,-295620,2016
GOLD - COMMODITY EXCHANGE INC.,2016-08-23 00:00:00,088691,572973,284550,30866,32034,209723,23865,163651,521177,544043,51796,28930,253684,-177689,-139786,2016
"CRUDE OIL, LIGHT SWEET - NEW YORK MERCANTILE EXCHANGE",2016-08-30 00:00:00,067651,1787891,300644,104928,191965,248680,244999,524848,1694126,1689402,93765,98489,195716,-56715,-279849,2016
GOLD - COMMODITY EXCHANGE INC.,2016-08-30 00:00:00,088691,558398,266680,35086,31637,197108,22280,158022,504732,529604,53666,28794,231594,-165471,-135742,2016
"CRUDE OIL, LIGHT SWEET - NEW YORK MERCANTILE EXCHANGE",2016-09-06 00:00:00,067651,1861718,296386,148034,209987,235805,256969,519818,1751826,1754698,109892,107020,148352,-25818,-262849,2016
GOLD - COMMODITY EXCHANGE INC.,2016-09-06 00:00:00,088691,590656,291692,22157,28000,204170,22474,176277,536717,558830,53939,31826,269535,-176170,-153803,2016
"CRUDE OIL, LIGHT SWEET - NEW YORK MERCANTILE EXCHANGE",2016-09-13 00:00:00,067651,1829620,293429,123034,186815,233296,255320,517794,1729765,1725418,99855,104202,170395,-46481,-262474,2016
GOLD - COMMODITY EXCHANGE INC.,2016-09-13 00:00:00,088691,575002,271631,28654,29423,191960,24700,173534,521109,547067,53893,27935,242977,-162537,-148834,2016
"CRUDE OIL, LIGHT SWEET - NEW YORK MERCANTILE EXCHANGE",2016-09-20 00:00:00,067651,1811705,290493,161939,194749,226935,253632,507277,1709265,1716223,102440,95482,128554,-32186,-253645,2016
GOLD - COMMODITY EXCHANGE INC.,2016-09-20 00:00:00,088691,558791,246119,32972,33793,186385,25040,163063,497635,532071,61156,26720,213147,-152592,-138023,2016
"CRUDE OIL, LIGHT SWEET - NEW YORK MERCANTILE EXCHANGE",2016-09-27 00:00:00,067651,1830991,307925,152986,195043,227944,254805,518771,1730189,1735410,100802,95581,154939,-32901,-263966,2016
GOLD - COMMODITY EXCHANGE INC.,2016-09-27 00:00:00,088691,583161,282151,26974,32038,197300,26681,176013,530053,552743,53108,30418,255177,-165262,-149332,2016
"CRUDE OIL, LIGHT SWEET - NEW YORK MERCANTILE EXCHANGE",2016-10-04 00:00:00,067651,1871665,326975,104144,169924,248656,250704,528193,1773220,1766465,98445,105200,222831,-78732,-277489,2016
GOLD - COMMODITY EXCHANGE INC.,2016-10-04 00:00:00,088691,544824,244765,44649,29901,173469,27604,155278,489866,515600,54958,29224,200116,-143568,-127674,2016
"CRUDE OIL, LIGHT SWEET - NEW YORK MERCANTILE EXCHANGE",2016-10-11 00:00:00,067651,1880412,337612,83237,169961,280611,242076,540757,1779161,1774842,101251,105570,254375,-110650,-298681,2016
GOLD - COMMODITY EXCHANGE INC.,2016-10-11 00:00:00,088691,500328,203033,54240,34348,140974,28660,143233,446631,472611,53697,27717,148793,-106626,-114573,2016
"CRUDE OIL, LIGHT SWEET - NEW YORK MERCANTILE EXCHANGE",2016-10-18 00:00:00,067651,1811281,327095,62609,160967,275791,203545,497460,1711304,1712048,99977,99233,264486,-114824,-293915,2016
GOLD - COMMODITY EXCHANGE INC.,2016-10-18 00:00:00,088691,497061,190008,59054,35745,132128,30322,136610,446041,469094,51020,27967,130954,-96383,-106288,2016
"CRUDE OIL, LIGHT SWEET - NEW YORK MERCANTILE EXCHANGE",2016-10-25 00:00:00,067651,1821737,311053,66428,154640,276561,205471,498051,1717275,1728190,104462,93547,244625,-121921,-292580,2016
GOLD - COMMODITY EXCHANGE INC.,2016-10-25 00:00:00,088691,507617,199094,55184,34869,140933,29237,140772,457992,478611,49625,29006,143910,-106064,-111535,2016
"CRUDE OIL, LIGHT SWEET - NEW YORK MERCANTILE EXCHANGE",2016-11-01 00:00:00,067651,1854612,290299,78890,168346,279027,224859,489187,1737399,1758009,117213,96603,211409,-110681,-264328,2016
GOLD - COMMODITY EXCHANGE INC.,2016-11-01 00:00:00,088691,521506,203670,37403,36607,149931,27666,153593,469659,493779,51847,27727,166267,-113324,-125927,2016
"CRUDE OIL, LIGHT SWEET - NEW YORK MERCANTILE EXCHANGE",2016-11-08 00:00:00,067651,1973656,293347,162455,209135,254735,270377,524345,1858097,1880126,115559,93530,130892,-45600,-253968,2016
GOLD - COMMODITY EXCHANGE INC.,2016-11-08 00:00:00,088691,528203,211670,38033,31113,146201,27597,158095,477188,505536,51015,22667,173637,-115088,-130498,2016
"CRUDE OIL, LIGHT SWEET - NEW YORK MERCANTILE EXCHANGE",2016-11-15 00:00:00,067651,2027539,308940,185047,247259,250861,276423,550395,1922846,1924094,104693,103445,123893,-3602,-273972,2016
GOLD - COMMODITY EXCHANGE INC.,2016-11-15 00:00:00,088691,479237,178132,43452,28878,121945,27283,134182,429997,452303,49240,26934,134680,-93067,-106899,2016
"CRUDE OIL, LIGHT SWEET - NEW YORK MERCANTILE EXCHANGE",2016-11-22 00:00:00,067651,1995504,333888,179067,238026,252134,268668,536489,1892228,1897837,103276,97667,154821,-14108,-267821,2016
GOLD - COMMODITY EXCHANGE INC.,2016-11-22 00:00:00,088691,461062,171864,47475,23389,117366,20805,119000,408367,433454,52695,27608,124389,-93977,-98195,2016
"CRUDE OIL, LIGHT SWEET - NEW YORK MERCANTILE EXCHANGE",2016-11-29 00:00:00,067651,2020026,321114,162434,212452,253767,290721,554091,1910179,1926983,109847,93043,158680,-41315,-263370,2016
GOLD - COMMODITY EXCHANGE INC.,2016-11-29 00:00:00,088691,405661,162086,55145,25014,102249,24102,114690,360094,376347,45567,29314,106941,-77235,-90588,2016
"CRUDE OIL, LIGHT SWEET - NEW YORK MERCANTILE EXCHANGE",2016-12-06 00:00:00,067651,2098290,351457,108932,169391,296009,323194,595937,1986852,2008587,111438,89703,242525,-126618,-272743,2016
GOLD - COMMODITY EXCHANGE INC.,2016-12-06 00:00:00,088691,393524,150856,68538,28749,100265,21781,105209,347885,366449,45639,27075,82318,-71516,-83428,2016
"CRUDE OIL, LIGHT SWEET - NEW YORK MERCANTILE EXCHANGE",2016-12-13 00:00:00,067651,2104703,366232,91475,134565,310124,336015,608297,1993523,2018597,111180,86106,274757,-175559,-272282,2016
GOLD - COMMODITY EXCHANGE INC.,2016-12-13 00:00:00,088691,397034,146150,77432,28815,97528,22199,103372,350942,371517,46092,25517,68718,-68713,-81173,2016
"CRUDE OIL, LIGHT SWEET - NEW YORK MERCANTILE EXCHANGE",2016-12-20 00:00:00,067651,2029807,356614,72861,149009,323862,290830,570074,1931706,1949142,98101,80665,283753,-174853,-279244,2016
GOLD - COMMODITY EXCHANGE INC.,2016-12-20 00:00:00,088691,398661,137588,83783,39604,94282,22130,101474,351369,370557,47292,28104,53805,-54678,-79344,2016
"CRUDE OIL, LIGHT SWEET - NEW YORK MERCANTILE EXCHANGE",2016-12-27 00:00:00,067651,2037834,357096,71857,144781,327385,281156,557922,1937652,1952090,100182,85744,285239,-182604,-276766,2016
GOLD - COMMODITY EXCHANGE INC.,2016-12-27 00:00:00,088691,401513,130595,87229,41038,87558,23547,97994,352349,374973,49164,26540,43366,-46520,-74447,2016
"CRUDE OIL, LIGHT SWEET - NEW YORK MERCANTILE EXCHANGE",2017-01-03 00:00:00,067651,2089324,356275,76578,145217,330542,312021,593460,1979262,2005952,110062,83372,279697,-185325,-281439,2017
GOLD - COMMODITY EXCHANGE INC.,2017-01-03 00:00:00,088691,424673,127786,91229,45237,89620,24768,97997,377286,398348,47387,26325,36557,-44383,-73229,2017
"CRUDE OIL, LIGHT SWEET - NEW YORK MERCANTILE EXCHANGE",2017-01-10 00:00:00,067651,2114656,353726,75366,150472,327232,338039,626679,2001486,2033324,113170,81332,278360,-176760,-288640,2017
GOLD - COMMODITY EXCHANGE INC.,2017-01-10 00:00:00,088691,444001,135563,79884,43277,97020,24588,96661,399924,416258,44077,27743,55679,-53743,-72073,2017
"CRUDE OIL, LIGHT SWEET - NEW YORK MERCANTILE EXCHANGE",2017-01-17 00:00:00,067651,2179122,403021,59606,152144,335503,336347,635359,2070714,2088407,108408,90715,343415,-183359,-299012,2017
GOLD - COMMODITY EXCHANGE INC.,2017-01-17 00:00:00,088691,467937,141566,82931,55461,102973,23844,99443,423942,440012,43995,27925,58635,-47512,-75599,2017
"CRUDE OIL, LIGHT SWEET - NEW YORK MERCANTILE EXCHANGE",2017-01-24 00:00:00,067651,2151809,420513,53692,150154,342527,324620,630187,2047738,2063155,104071,88654,366821,-192373,-305567,2017
GOLD - COMMODITY EXCHANGE INC.,2017-01-24 00:00:00,088691,482374,135159,75405,58497,99506,23117,108482,438652,455619,43722,26755,59754,-41009,-85365,2017
"CRUDE OIL, LIGHT SWEET - NEW YORK MERCANTILE EXCHANGE",2017-01-31 00:00:00,067651,2181656,427935,53471,149467,345626,342192,655171,2073878,2090324,107778,91332,374464,-196159,-312979,2017
GOLD - COMMODITY EXCHANGE INC.,2017-01-31 00:00:00,088691,398433,140663,70826,58393,100374,20746,110568,359206,371854,39227,26579,69837,-41981,-89822,2017
"CRUDE OIL, LIGHT SWEET - NEW YORK MERCANTILE EXCHANGE",2017-02-07 00:00:00,067651,2191158,419755,67732,150869,350928,353142,657566,2064527,2092020,126631,99138,352023,-200059,-304424,2017
GOLD - COMMODITY EXCHANGE INC.,2017-02-07 00:00:00,088691,415543,142542,72393,62157,103080,22551,115774,374179,391176,41364,24367,70149,-40923,-93223,2017
"CRUDE OIL, LIGHT SWEET - NEW YORK MERCANTILE EXCHANGE",2017-02-14 00:00:00,067651,2183943,432594,49062,159104,366091,384000,703430,2077281,2095242,106662,88701,383532,-206987,-319430,2017
GOLD - COMMODITY EXCHANGE INC.,2017-02-14 00:00:00,088691,415128,135739,72114,63220,98578,20992,113422,375365,393401,39763,21727,63625,-35358,-92430,2017
"CRUDE OIL, LIGHT SWEET - NEW YORK MERCANTILE EXCHANGE",2017-02-21 00:00:00,067651,2103278,448846,43518,149584,379458,323391,665302,1999002,2014180,104276,89098,405328,-229874,-341911,2017
GOLD - COMMODITY EXCHANGE INC.,2017-02-21 00:00:00,088691,427168,142639,64597,61324,105119,20557,116326,386824,402625,40344,24543,78042,-43795,-95769,2017
"CRUDE OIL, LIGHT SWEET - NEW YORK MERCANTILE EXCHANGE",2017-02-28 00:00:00,067651,2120334,429168,60566,157850,373725,331051,661192,2017278,2038040,103056,82294,368602,-215875,-330141,2017
GOLD - COMMODITY EXCHANGE INC.,2017-02-28 00:00:00,088691,446081,166437,52191,56402,128960,19559,126908,402084,418193,43997,27888,114246,-72558,-107349,2017
"CRUDE OIL, LIGHT SWEET - NEW YORK MERCANTILE EXCHANGE",2017-03-07 00:00:00,067651,2137532,418346,61168,158759,373798,342230,662690,2030492,2057466,107040,80066,357178,-215039,-320460,2017
GOLD - COMMODITY EXCHANGE INC.,2017-03-07 00:00:00,088691,434401,150277,60030,57578,112363,20164,118027,390610,409573,43791,24828,90247,-54785,-97863,2017
"CRUDE OIL, LIGHT SWEET - NEW YORK MERCANTILE EXCHANGE",2017-03-14 00:00:00,067651,2240261,383767,128947,190170,365819,402150,673907,2127414,2141020,112847,99241,254820,-175649,-271757,2017
GOLD - COMMODITY EXCHANGE INC.,2017-03-14 00:00:00,088691,426170,121179,74805,56881,91778,20937,109327,381938,399187,44232,26983,46374,-34897,-88390,2017
"CRUDE OIL, LIGHT SWEET - NEW YORK MERCANTILE EXCHANGE",2017-03-21 00:00:00,067651,2194206,361256,127857,183963,355984,416395,677811,2087984,2102904,106222,91302,233399,-172021,-261416,2017
GOLD - COMMODITY EXCHANGE INC.,2017-03-21 00:00:00,088691,446880,130259,74064,57057,87538,18872,117388,403583,416328,43297,30552,56195,-30481,-98516,2017
"CRUDE OIL, LIGHT SWEET - NEW YORK MERCANTILE EXCHANGE",2017-03-28 00:00:00,067651,2222462,345055,134810,196032,353007,410098,663212,2118490,2130499,103972,91963,210245,-156975,-253114,2017
GOLD - COMMODITY EXCHANGE INC.,2017-03-28 00:00:00,088691,449418,150879,59836,59196,97664,17857,131503,407404,421698,42014,27720,91043,-38468,-113646,2017
"CRUDE OIL, LIGHT SWEET - NEW YORK MERCANTILE EXCHANGE",2017-04-04 00:00:00,067651,2213064,343733,115741,196411,343942,379478,637719,2110130,2107520,102934,105544,227992,-147531,-258241,2017
GOLD - COMMODITY EXCHANGE INC.,2017-04-04 00:00:00,088691,427808,163428,54302,58279,106418,16834,139711,384219,399799,43589,28009,109126,-48139,-122877,2017
"CRUDE OIL, LIGHT SWEET - NEW YORK MERCANTILE EXCHANGE",2017-04-11 00:00:00,067651,2193567,354115,77094,186762,371914,390718,634964,2092853,2085208,100714,108359,277021,-185152,-244246,2017
GOLD - COMMODITY EXCHANGE INC.,2017-04-11 00:00:00,088691,456131,179841,46830,58431,110151,17653,153297,408613,423311,47518,32820,133011,-51720,-135644,2017
"CRUDE OIL, LIGHT SWEET - NEW YORK MERCANTILE EXCHANGE",2017-04-18 00:00:00,067651,2161434,366681,73576,180336,376403,379023,628206,2065459,2066826,95975,94608,293105,-196067,-249183,2017
GOLD - COMMODITY EXCHANGE INC.,2017-04-18 00:00:00,088691,472263,199001,47765,56226,117510,17577,167357,425441,440737,46822,31526,151236,-61284,-149780,2017
"CRUDE OIL, LIGHT SWEET - NEW YORK MERCANTILE EXCHANGE",2017-04-25 00:00:00,067651,2188272,318733,97783,185072,377757,385949,626889,2084229,2106032,104043,82240,220950,-192685,-240940,2017
GOLD - COMMODITY EXCHANGE INC.,2017-04-25 00:00:00,088691,475985,207394,47014,57558,120464,17618,169292,431316,445219,44669,30766,160380,-62906,-151674,2017
"CRUDE OIL, LIGHT SWEET - NEW YORK MERCANTILE EXCHANGE",2017-05-02 00:00:00,067651,2215531,299554,136549,205088,380221,393287,628014,2090432,2127148,125099,88383,163005,-175133,-234727,2017
GOLD - COMMODITY EXCHANGE INC.,2017-05-02 00:00:00,088691,461905,195331,51720,59280,109970,17427,170723,417123,431475,44782,30430,143611,-50690,-153296,2017
"CRUDE OIL, LIGHT SWEET - NEW YORK MERCANTILE EXCHANGE",2017-05-09 00:00:00,067651,2276413,299622,183771,223062,348061,431647,646442,2166561,2177604,109852,98809,115851,-124999,-214795,2017
GOLD - COMMODITY EXCHANGE INC.,2017-05-09 00:00:00,088691,433033,151419,55457,59970,86406,17259,155245,387934,402350,45099,30683,95962,-26436,-137986,2017
"CRUDE OIL, LIGHT SWEET - NEW YORK MERCANTILE EXCHANGE",2017-05-16 00:00:00,067651,2337124,293217,177657,224717,342092,438514,654646,2227290,2231845,109834,105279,115560,-117375,-216132,2017
GOLD - COMMODITY EXCHANGE INC.,2017-05-16 00:00:00,088691,435021,132094,66226,63431,77701,20336,148925,389910,406045,45111,28976,65868,-14270,-128589,2017
"CRUDE OIL, LIGHT SWEET - NEW YORK MERCANTILE EXCHANGE",2017-05-23 00:00:00,067651,2211099,287276,114532,202750,359713,418969,630557,2118083,2113645,93016,97454,172744,-156963,-211588,2017
GOLD - COMMODITY EXCHANGE INC.,2017-05-23 00:00:00,088691,462572,161893,50845,57061,84517,19274,166109,417294,431818,45278,30754,111048,-27456,-146835,2017
"CRUDE OIL, LIGHT SWEET - NEW YORK MERCANTILE EXCHANGE",2017-05-30 00:00:00,067651,2198081,289584,104388,191010,358055,406726,617446,2101860,2105870,96221,92211,185196,-167045,-210720,2017
GOLD - COMMODITY EXCHANGE INC.,2017-05-30 00:00:00,088691,434246,175304,51171,60524,87501,21570,177812,389842,405971,44404,28275,124133,-26977,-156242,2017
"CRUDE OIL, LIGHT SWEET - NEW YORK MERCANTILE EXCHANGE",2017-06-06 00:00:00,067651,2228585,308157,106567,192772,363486,395477,615582,2125189,2133539,103396,95046,201590,-170714,-220105,2017
GOLD - COMMODITY EXCHANGE INC.,2017-06-06 00:00:00,088691,494041,229476,63427,68622,111020,18528,192484,450013,461902,44028,32139,166049,-42398,-173956,2017
"CRUDE OIL, LIGHT SWEET - NEW YORK MERCANTILE EXCHANGE",2017-06-13 00:00:00,067651,2176740,317192,148565,206420,371337,392697,603785,2070503,2087509,106237,89231,168627,-164917,-211088,2017
GOLD - COMMODITY EXCHANGE INC.,2017-06-13 00:00:00,088691,471134,214955,67459,67130,104524,16856,183073,430948,444285,40186,26849,147496,-37394,-166217,2017
"CRUDE OIL, LIGHT SWEET - NEW YORK MERCANTILE EXCHANGE",2017-06-20 00:00:00,067651,2118015,299982,189233,205036,366637,397367,595480,2000366,2031316,117649,86699,110749,-161601,-198113,2017
GOLD - COMMODITY EXCHANGE INC.,2017-06-20 00:00:00,088691,445841,165035,65659,71455,88537,16301,164235,402640,416981,43201,28860,99376,-17082,-147934,2017
"CRUDE OIL, LIGHT SWEET - NEW YORK MERCANTILE EXCHANGE",2017-06-27 00:00:00,067651,2143111,308260,202277,214847,367068,409438,603555,2032345,2051495,110766,91616,105983,-152221,-194117,2017
GOLD - COMMODITY EXCHANGE INC.,2017-06-27 00:00:00,088691,453144,144515,71860,74033,83911,16646,156631,405741,423932,47403,29212,72655,-9878,-139985,2017
"CRUDE OIL, LIGHT SWEET - NEW YORK MERCANTILE EXCHANGE",2017-07-03 00:00:00,067651,2172632,309364,181396,221906,363720,426428,622760,2069682,2066781,102950,105851,127968,-141814,-196332,2017
GOLD - COMMODITY EXCHANGE INC.,2017-07-03 00:00:00,088691,457201,129780,96091,77273,56210,18166,146455,409839,423266,47362,33935,33689,21063,-128289,2017
"CRUDE OIL, LIGHT SWEET - NEW YORK MERCANTILE EXCHANGE",2017-07-11 00:00:00,067651,2133575,308829,151574,202813,360569,427434,631049,2033529,2036875,100046,96700,157255,-157756,-203615,2017
GOLD - COMMODITY EXCHANGE INC.,2017-07-11 00:00:00,088691,475669,123619,100397,85352,41631,24005,141642,430214,443870,45455,31799,23222,43721,-117637,2017
"CRUDE OIL, LIGHT SWEET - NEW YORK MERCANTILE EXCHANGE",2017-07-18 00:00:00,067651,2140060,328364,119023,193643,378771,424530,637722,2045545,2047406,94515,92654,209341,-185128,-213192,2017
GOLD - COMMODITY EXCHANGE INC.,2017-07-18 00:00:00,088691,484204,127028,98115,92227,45064,24116,144914,440010,453507,44194,30697,28913,47163,-120798,2017
"CRUDE OIL, LIGHT SWEET - NEW YORK MERCANTILE EXCHANGE",2017-07-25 00:00:00,067651,2149971,327029,90169,197539,408970,392149,602784,2055390,2054118,94581,95853,236860,-211431,-210635,2017
GOLD - COMMODITY EXCHANGE INC.,2017-07-25 00:00:00,088691,463827,136359,62735,94201,59983,21746,159307,420440,432952,43387,30875,73624,34218,-137561,2017
"CRUDE OIL, LIGHT SWEET - NEW YORK MERCANTILE EXCHANGE",2017-08-01 00:00:00,067651,2219691,374771,84892,190549,465049,374721,585356,2134447,2132817,85244,86874,289879,-274500,-210635,2017
GOLD - COMMODITY EXCHANGE INC.,2017-08-01 00:00:00,088691,448709,158082,39624,85526,80375,19082,167618,406654,420367,42055,28342,118458,5151,-148536,2017
"CRUDE OIL, LIGHT SWEET - NEW YORK MERCANTILE EXCHANGE",2017-08-08 00:00:00,067651,2215548,373065,87801,187105,475331,356254,544770,2121621,2117734,93927,97814,285264,-288226,-188516,2017
GOLD - COMMODITY EXCHANGE INC.,2017-08-08 00:00:00,088691,448727,164828,28843,85898,96099,19019,168329,407953,418627,40774,30100,135985,-10201,-149310,2017
"CRUDE OIL, LIGHT SWEET - NEW YORK MERCANTILE EXCHANGE",2017-08-15 00:00:00,067651,2311603,363317,94020,185558,467967,384448,575538,2212092,2222118,99511,89485,269297,-282409,-191090,2017
GOLD - COMMODITY EXCHANGE INC.,2017-08-15 00:00:00,088691,477921,195433,18877,82435,116285,16379,179160,437561,446458,40360,31463,176556,-33850,-162781,2017
"CRUDE OIL, LIGHT SWEET - NEW YORK MERCANTILE EXCHANGE",2017-08-22 00:00:00,067651,2236977,347101,94806,176697,450011,370437,552989,2142071,2152489,94906,84488,252295,-273314,-182552,2017
GOLD - COMMODITY EXCHANGE INC.,2017-08-22 00:00:00,088691,500443,209717,15638,86325,127096,15981,195128,458373,469853,42070,30590,194079,-40771,-179147,2017
"CRUDE OIL, LIGHT SWEET - NEW YORK MERCANTILE EXCHANGE",2017-08-29 00:00:00,067651,2247058,315519,176960,182456,423367,393167,533436,2147985,2163300,99073,83758,138559,-240911,-140269,2017
GOLD - COMMODITY EXCHANGE INC.,2017-08-29 00:00:00,088691,538875,235065,13939,75594,135022,17352,205953,491894,508876,46981,29999,221126,-59428,-188601,2017
"CRUDE OIL, LIGHT SWEET - NEW YORK MERCANTILE EXCHANGE",2017-09-05 00:00:00,067651,2326586,328634,158959,179221,434906,430116,563160,2228911,2235527,97675,91059,169675,-255685,-133044,2017
GOLD - COMMODITY EXCHANGE INC.,2017-09-05 00:00:00,088691,566817,251489,14301,76165,144178,18473,212267,516076,532585,50741,34232,237188,-68013,-193794,2017
"CRUDE OIL, LIGHT SWEET - NEW YORK MERCANTILE EXCHANGE",2017-09-12 00:00:00,067651,2345125,310596,156518,178810,449805,475884,584204,2256361,2261196,88764,83929,154078,-270995,-108320,2017
GOLD - COMMODITY EXCHANGE INC.,2017-09-12 00:00:00,088691,580606,270413,16896,76515,156958,17582,209237,531962,549300,48644,31306,253517,-80443,-191655,2017
"CRUDE OIL, LIGHT SWEET - NEW YORK MERCANTILE EXCHANGE",2017-09-19 00:00:00,067651,2377488,337800,129341,181137,489783,484965,596256,2288921,2290784,88567,86704,208459,-308646,-111291,2017
GOLD - COMMODITY EXCHANGE INC.,2017-09-19 00:00:00,088691,570096,251735,18353,83263,146424,17562,207442,523844,540796,46252,29300,233382,-63161,-189880,2017
"CRUDE OIL, LIGHT SWEET - NEW YORK MERCANTILE EXCHANGE",2017-09-26 00:00:00,067651,2411223,363758,102651,177965,530116,453473,560647,2310918,2316135,100305,95088,261107,-352151,-107174,2017
GOLD - COMMODITY EXCHANGE INC.,2017-09-26 00:00:00,088691,549637,219134,23158,88232,131881,18923,208745,501051,521928,48586,27709,195976,-43649,-189822,2017
"CRUDE OIL, LIGHT SWEET - NEW YORK MERCANTILE EXCHANGE",2017-10-03 00:00:00,067651,2471226,360904,110731,183602,538411,479268,576675,2370312,2378212,100914,93014,250173,-354809,-97407,2017
GOLD - COMMODITY EXCHANGE INC.,2017-10-03 00:00:00,088691,525127,204361,24917,84906,123391,17710,203648,478556,499124,46571,26003,179444,-38485,-185938,2017
"CRUDE OIL, LIGHT SWEET - NEW YORK MERCANTILE EXCHANGE",2017-10-10 00:00:00,067651,2437479,361328,122704,185869,519773,464428,550694,2334824,2337933,102655,99546,238624,-333904,-86266,2017
GOLD - COMMODITY EXCHANGE INC.,2017-10-10 00:00:00,088691,520005,193154,21824,80325,120570,18662,201414,471919,494804,48086,25201,171330,-40245,-182752,2017
"CRUDE OIL, LIGHT SWEET - NEW YORK MERCANTILE EXCHANGE",2017-10-17 00:00:00,067651,2440472,365292,143158,187101,533213,429057,514463,2338475,2340468,101997,100004,222134,-346112,-85406,2017
GOLD - COMMODITY EXCHANGE INC.,2017-10-17 00:00:00,088691,528800,196555,27040,83262,117660,18809,206035,481572,502472,47228,26328,169515,-34398,-187226,2017
"CRUDE OIL, LIGHT SWEET - NEW YORK MERCANTILE EXCHANGE",2017-10-24 00:00:00,067651,2371940,376389,136425,187474,553047,407429,491445,2271265,2274027,100675,97913,239964,-365573,-84016,2017
GOLD - COMMODITY EXCHANGE INC.,2017-10-24 00:00:00,088691,526674,192701,24333,84376,112366,18360,201023,481559,500827,45115,25847,168368,-27990,-182663,2017
"CRUDE OIL, LIGHT SWEET - NEW YORK MERCANTILE EXCHANGE",2017-10-31 00:00:00,067651,2509878,396081,100849,184382,608914,460244,538586,2405140,2405065,104738,104813,295232,-424532,-78342,2017
GOLD - COMMODITY EXCHANGE INC.,2017-10-31 00:00:00,088691,531918,182652,16687,86265,113205,17081,200789,486435,503988,45483,27930,165965,-26940,-183708,2017
"CRUDE OIL, LIGHT SWEET - NEW YORK MERCANTILE EXCHANGE",2017-11-07 00:00:00,067651,2601977,415679,75410,191501,661957,491538,572489,2493851,2500052,108126,101925,340269,-470456,-80951,2017
GOLD - COMMODITY EXCHANGE INC.,2017-11-07 00:00:00,088691,536843,187782,17070,82790,117003,17307,198381,490358,509855,46485,26988,170712,-34213,-181074,2017
"CRUDE OIL, LIGHT SWEET - NEW YORK MERCANTILE EXCHANGE",2017-11-14 00:00:00,067651,2627570,432765,60526,182951,690433,417212,523814,2517167,2534785,110403,92785,372239,-507482,-106602,2017
GOLD - COMMODITY EXCHANGE INC.,2017-11-14 00:00:00,088691,533054,190657,14559,83054,114635,18323,202533,485804,506511,47250,26543,176098,-31581,-184210,2017
"CRUDE OIL, LIGHT SWEET - NEW YORK MERCANTILE EXCHANGE",2017-11-21 00:00:00,067651,2512147,409921,70429,181535,669498,379873,475708,2409545,2416265,102602,95882,339492,-487963,-95835,2017
GOLD - COMMODITY EXCHANGE INC.,2017-11-21 00:00:00,088691,531612,187292,14137,80549,120223,19514,204896,481885,505114,49727,26498,173155,-39674,-185382,2017
"CRUDE OIL, LIGHT SWEET - NEW YORK MERCANTILE EXCHANGE",2017-11-28 00:00:00,067651,2489012,442394,44288,182482,702808,364854,466324,2384535,2396498,104477,92514,398106,-520326,-101470,2017
GOLD - COMMODITY EXCHANGE INC.,2017-11-28 00:00:00,088691,503810,208518,9978,75448,137232,17891,202648,456570,478694,47240,25116,198540,-61784,-184757,2017
"CRUDE OIL, LIGHT SWEET - NEW YORK MERCANTILE EXCHANGE",2017-12-05 00:00:00,067651,2554224,443885,48805,180850,711251,413838,506697,2451517,2463649,102707,90575,395080,-530401,-92859,2017
GOLD - COMMODITY EXCHANGE INC.,2017-12-05 00:00:00,088691,472795,167174,32664,82926,114396,20819,179239,428648,445209,44147,27586,134510,-31470,-158420,2017
"CRUDE OIL, LIGHT SWEET - NEW YORK MERCANTILE EXCHANGE",2017-12-12 00:00:00,067651,2571686,436971,46825,179559,720945,437517,525461,2468904,2483737,102782,87949,390146,-541386,-87944,2017
GOLD - COMMODITY EXCHANGE INC.,2017-12-12 00:00:00,088691,446618,123139,46913,106267,93989,19245,150986,403049,415444,43569,31174,76226,12278,-131741,2017
"CRUDE OIL, LIGHT SWEET - NEW YORK MERCANTILE EXCHANGE",2017-12-19 00:00:00,067651,2456059,423689,48064,177508,717731,409771,489539,2361476,2379628,94583,76431,375625,-540223,-79768,2017
GOLD - COMMODITY EXCHANGE INC.,2017-12-19 00:00:00,088691,453595,116642,35397,106269,103626,17300,148160,410109,424531,43486,29064,81245,2643,-130860,2017
"CRUDE OIL, LIGHT SWEET - NEW YORK MERCANTILE EXCHANGE",2017-12-26 00:00:00,067651,2460193,444833,40595,177419,737456,405493,489725,2358539,2370647,101654,89546,404238,-560037,-84232,2017
GOLD - COMMODITY EXCHANGE INC.,2017-12-26 00:00:00,088691,456470,127715,19957,105936,113856,19715,161264,415702,429223,40768,27247,107758,-7920,-141549,2017
"CRUDE OIL, LIGHT SWEET - NEW YORK MERCANTILE EXCHANGE",2018-01-02 00:00:00,067651,2479798,426682,37546,177172,747754,419764,497296,2371593,2395494,108205,84304,389136,-570582,-77532,2018
GOLD - COMMODITY EXCHANGE INC.,2018-01-02 00:00:00,088691,500731,168423,20249,108799,128180,22495,180714,456580,470912,44151,29819,148174,-19381,-158219,2018
"CRUDE OIL, LIGHT SWEET - NEW YORK MERCANTILE EXCHANGE",2018-01-09 00:00:00,067651,2545313,463262,30612,176648,782569,428496,496673,2431150,2447658,114163,97655,432650,-605921,-68177,2018
GOLD - COMMODITY EXCHANGE INC.,2018-01-09 00:00:00,088691,555455,216115,20065,105725,148742,21117,198371,508530,525513,46925,29942,196050,-43017,-177254,2018
"CRUDE OIL, LIGHT SWEET - NEW YORK MERCANTILE EXCHANGE",2018-01-16 00:00:00,067651,2611581,514642,30813,176234,829262,408183,486869,2496018,2519945,115563,91636,483829,-653028,-78686,2018
GOLD - COMMODITY EXCHANGE INC.,2018-01-16 00:00:00,088691,582333,227373,25841,108318,150807,22861,212879,533235,554031,49098,28302,201532,-42489,-190018,2018
"CRUDE OIL, LIGHT SWEET - NEW YORK MERCANTILE EXCHANGE",2018-01-23 00:00:00,067651,2593128,514887,36330,173004,836726,395966,471218,2479744,2502023,113384,91105,478557,-663722,-75252,2018
GOLD - COMMODITY EXCHANGE INC.,2018-01-23 00:00:00,088691,582421,236003,26467,109160,150461,23933,217184,531793,551661,50628,30760,209536,-41301,-193251,2018
"CRUDE OIL, LIGHT SWEET - NEW YORK MERCANTILE EXCHANGE",2018-01-30 00:00:00,067651,2643683,519545,36765,172205,852769,389730,473963,2530055,2560294,113628,83389,482780,-680564,-84233,2018
GOLD - COMMODITY EXCHANGE INC.,2018-01-30 00:00:00,088691,559332,230597,23035,106587,144728,22684,209619,510665,528479,48667,30853,207562,-38141,-186935,2018
"CRUDE OIL, LIGHT SWEET - NEW YORK MERCANTILE EXCHANGE",2018-02-06 00:00:00,067651,2589270,500141,32358,169390,850156,395985,476643,2478187,2500514,111083,88756,467783,-680766,-80658,2018
GOLD - COMMODITY EXCHANGE INC.,2018-02-06 00:00:00,088691,535321,206377,23448,104742,134563,26595,202225,493035,507609,42286,27712,182929,-29821,-175630,2018
"CRUDE OIL, LIGHT SWEET - NEW YORK MERCANTILE EXCHANGE",2018-02-13 00:00:00,067651,2530604,477670,29270,161886,822464,373972,449307,2418853,2442505,111751,88099,448400,-660578,-75335,2018
GOLD - COMMODITY EXCHANGE INC.,2018-02-13 00:00:00,088691,511745,186183,16426,98254,121390,22749,194149,466949,485879,44796,25866,169757,-23136,-171400,2018
"CRUDE OIL, LIGHT SWEET - NEW YORK MERCANTILE EXCHANGE",2018-02-20 00:00:00,067651,2431805,460261,22330,161638,800742,356982,433966,2331818,2358540,99987,73265,437931,-639104,-76984,2018
GOLD - COMMODITY EXCHANGE INC.,2018-02-20 00:00:00,088691,528154,190398,14943,96427,134987,30967,207285,479754,503710,48400,24444,175455,-38560,-176318,2018
"CRUDE OIL, LIGHT SWEET - NEW YORK MERCANTILE EXCHANGE",2018-02-27 00:00:00,067651,2460214,480874,20537,163568,799644,360840,454753,2358471,2384356,101743,75858,460337,-636076,-93913,2018
GOLD - COMMODITY EXCHANGE INC.,2018-02-27 00:00:00,088691,532860,177475,27456,106048,130619,30993,206218,485525,506603,47335,26257,150019,-24571,-175225,2018
"CRUDE OIL, LIGHT SWEET - NEW YORK MERCANTILE EXCHANGE",2018-03-06 00:00:00,067651,2451492,469822,28698,157764,780373,378802,470741,2346147,2374188,105345,77304,441124,-622609,-91939,2018
GOLD - COMMODITY EXCHANGE INC.,2018-03-06 00:00:00,088691,508100,172492,21786,106499,137625,25642,199419,461819,482899,46281,25201,150706,-31126,-173777,2018
"CRUDE OIL, LIGHT SWEET - NEW YORK MERCANTILE EXCHANGE",2018-03-13 00:00:00,067651,2403162,455113,30106,155258,766875,410223,495970,2295640,2324471,107522,78691,425007,-611617,-85747,2018
GOLD - COMMODITY EXCHANGE INC.,2018-03-13 00:00:00,088691,526762,162337,26472,107910,126997,25466,195189,478748,499610,48014,27152,135865,-19087,-169723,2018
"CRUDE OIL, LIGHT SWEET - NEW YORK MERCANTILE EXCHANGE",2018-03-20 00:00:00,067651,2392391,479798,23570,159634,787500,401744,497754,2282465,2302633,109926,89758,456228,-627866,-96010,2018
GOLD - COMMODITY EXCHANGE INC.,2018-03-20 00:00:00,088691,545499,148152,36345,109340,120041,25478,182047,499193,517732,46306,27767,111807,-10701,-156569,2018
"CRUDE OIL, LIGHT SWEET - NEW YORK MERCANTILE EXCHANGE",2018-03-27 00:00:00,067651,2513575,493496,30072,159843,811145,438524,525253,2395925,2418186,117650,95389,463424,-651302,-86729,2018
GOLD - COMMODITY EXCHANGE INC.,2018-03-27 00:00:00,088691,529690,183080,20917,106631,153975,25165,204181,479871,502877,49819,26813,162163,-47344,-179016,2018
"CRUDE OIL, LIGHT SWEET - NEW YORK MERCANTILE EXCHANGE",2018-04-03 00:00:00,067651,2547337,454856,33792,158532,796510,461671,548257,2436628,2461647,110709,85690,421064,-637978,-86586,2018
GOLD - COMMODITY EXCHANGE INC.,2018-04-03 00:00:00,088691,493141,155590,28948,113668,135771,30267,197029,449296,471572,43845,21569,126642,-22103,-166762,2018
"CRUDE OIL, LIGHT SWEET - NEW YORK MERCANTILE EXCHANGE",2018-04-10 00:00:00,067651,2480033,450579,33777,164631,791272,429351,530386,2372023,2392619,108010,87414,416802,-626641,-101035,2018
GOLD - COMMODITY EXCHANGE INC.,2018-04-10 00:00:00,088691,499588,154044,28482,116790,127347,32193,197288,454014,474294,45574,25294,125562,-10557,-165095,2018
"CRUDE OIL, LIGHT SWEET - NEW YORK MERCANTILE EXCHANGE",2018-04-17 00:00:00,067651,2596578,460778,29221,162439,805130,450882,552184,2490112,2505974,106466,90604,431557,-642691,-101302,2018
GOLD - COMMODITY EXCHANGE INC.,2018-04-17 00:00:00,088691,510229,157925,25287,122287,133702,33041,206888,463323,485516,46906,24713,132638,-11415,-173847,2018
"CRUDE OIL, LIGHT SWEET - NEW YORK MERCANTILE EXCHANGE",2018-04-24 00:00:00,067651,2574820,455634,31038,181865,839033,454594,535769,2465308,2491228,109512,83592,424596,-657168,-81175,2018
GOLD - COMMODITY EXCHANGE INC.,2018-04-24 00:00:00,088691,506410,143258,43597,123783,122120,32696,196159,455873,481027,50537,25383,99661,1663,-163463,2018
"CRUDE OIL, LIGHT SWEET - NEW YORK MERCANTILE EXCHANGE",2018-05-01 00:00:00,067651,2621768,440176,34075,188421,833939,495405,569793,2508663,2537842,113105,83926,406101,-645518,-74388,2018
GOLD - COMMODITY EXCHANGE INC.,2018-05-01 00:00:00,088691,507756,119064,79747,124348,108165,33204,181259,455468,480561,52288,27195,39317,16183,-148055,2018
"CRUDE OIL, LIGHT SWEET - NEW YORK MERCANTILE EXCHANGE",2018-05-08 00:00:00,067651,2658229,428558,25437,195937,833611,520850,581516,2547438,2565850,110791,92379,403121,-637674,-60666,2018
GOLD - COMMODITY EXCHANGE INC.,2018-05-08 00:00:00,088691,491398,109508,67869,121849,108600,34195,182428,437747,465291,53651,26107,41639,13249,-148233,2018
"CRUDE OIL, LIGHT SWEET - NEW YORK MERCANTILE EXCHANGE",2018-05-15 00:00:00,067651,2706454,406139,28683,200105,844397,520221,550304,2588458,2618389,117996,88065,377456,-644292,-30083,2018
GOLD - COMMODITY EXCHANGE INC.,2018-05-15 00:00:00,088691,519958,103256,84258,121526,99755,35688,175548,462712,488358,57246,31600,18998,21771,-139860,2018
"CRUDE OIL, LIGHT SWEET - NEW YORK MERCANTILE EXCHANGE",2018-05-22 00:00:00,067651,2643354,385874,31593,197459,848321,492032,506672,2519006,2551122,124348,92232,354281,-650862,-14640,2018
GOLD - COMMODITY EXCHANGE INC.,2018-05-22 00:00:00,088691,502942,91411,74880,118596,104867,37972,167276,448384,473002,54558,29940,16531,13729,-129304,2018
"CRUDE OIL, LIGHT SWEET - NEW YORK MERCANTILE EXCHANGE",2018-05-29 00:00:00,067651,2620926,351076,50089,195952,841483,483301,490399,2490653,2535454,130273,85472,300987,-645531,-7098,2018
GOLD - COMMODITY EXCHANGE INC.,2018-05-29 00:00:00,088691,469382,107882,53881,114188,113502,33583,170958,417955,439514,51427,29868,54001,686,-137375,2018
"CRUDE OIL, LIGHT SWEET - NEW YORK MERCANTILE EXCHANGE",2018-06-05 00:00:00,067651,2546827,341644,55468,200359,807924,459623,485344,2419353,2469063,127474,77764,286176,-607565,-25721,2018
GOLD - COMMODITY EXCHANGE INC.,2018-06-05 00:00:00,088691,450641,100027,49147,97169,133392,42172,140296,400057,422988,50584,27653,50880,-36223,-98124,2018
"CRUDE OIL, LIGHT SWEET - NEW YORK MERCANTILE EXCHANGE",2018-06-12 00:00:00,067651,2524439,351619,61152,196899,793192,465328,509783,2398671,2444126,125768,80313,290467,-596293,-44455,2018
GOLD - COMMODITY EXCHANGE INC.,2018-06-12 00:00:00,088691,448695,104313,48809,93548,138519,43227,138843,400536,420883,48159,27812,55504,-44971,-95616,2018
"CRUDE OIL, LIGHT SWEET - NEW YORK MERCANTILE EXCHANGE",2018-06-19 00:00:00,067651,2458404,349807,53944,184017,765951,427377,465516,2344508,2383634,113896,74770,295863,-581934,-38139,2018
GOLD - COMMODITY EXCHANGE INC.,2018-06-19 00:00:00,088691,468345,94297,83769,95221,138155,45041,116231,421272,438884,47073,29461,10528,-42934,-71190,2018
"CRUDE OIL, LIGHT SWEET - NEW YORK MERCANTILE EXCHANGE",2018-06-26 00:00:00,067651,2423829,398030,19159,181425,771415,395809,461277,2309042,2339409,114787,84420,378871,-589990,-65468,2018
GOLD - COMMODITY EXCHANGE INC.,2018-06-26 00:00:00,088691,468573,94845,94869,101135,124287,45108,116919,418153,436444,50420,32129,-24,-23152,-71811,2018
"CRUDE OIL, LIGHT SWEET - NEW YORK MERCANTILE EXCHANGE",2018-07-03 00:00:00,067651,2466531,445884,15056,177617,780023,391204,472724,2355522,2382728,111009,83803,430828,-602406,-81520,2018
GOLD - COMMODITY EXCHANGE INC.,2018-07-03 00:00:00,088691,494164,104275,105529,96505,118411,40794,112038,443065,457888,51099,36276,-1254,-21906,-71244,2018
"CRUDE OIL, LIGHT SWEET - NEW YORK MERCANTILE EXCHANGE",2018-07-10 00:00:00,067651,2499172,447069,17353,175640,780169,417719,500271,2386791,2419407,112381,79765,429716,-604529,-82552,2018
GOLD - COMMODITY EXCHANGE INC.,2018-07-10 00:00:00,088691,503593,107402,109929,92406,123158,34107,103749,450238,469198,53355,34395,-2527,-30752,-69642,2018
"CRUDE OIL, LIGHT SWEET - NEW YORK MERCANTILE EXCHANGE",2018-07-17 00:00:00,067651,2440486,404894,14132,167041,765638,424158,496784,2330797,2370726,109689,69760,390762,-598597,-72626,2018
GOLD - COMMODITY EXCHANGE INC.,2018-07-17 00:00:00,088691,528278,107775,134224,102289,103930,29729,101723,476787,492581,51491,35697,-26449,-1641,-71994,2018
"CRUDE OIL, LIGHT SWEET - NEW YORK MERCANTILE EXCHANGE",2018-07-24 00:00:00,067651,2361062,399534,15889,165901,756489,400887,461955,2254736,2295921,106326,65141,383645,-590588,-61068,2018
GOLD - COMMODITY EXCHANGE INC.,2018-07-24 00:00:00,088691,496620,110249,146671,96946,105314,27066,84366,441878,458949,54742,37671,-36422,-8368,-57300,2018
"CRUDE OIL, LIGHT SWEET - NEW YORK MERCANTILE EXCHANGE",2018-07-31 00:00:00,067651,2349169,402496,18051,163684,755972,404140,463449,2246885,2285082,102284,64087,384445,-592288,-59309,2018
GOLD - COMMODITY EXCHANGE INC.,2018-07-31 00:00:00,088691,452655,110580,153108,96716,91870,26485,79249,402637,415218,50018,37437,-42528,4846,-52764,2018
"CRUDE OIL, LIGHT SWEET - NEW YORK MERCANTILE EXCHANGE",2018-08-07 00:00:00,067651,2342575,396109,16864,162268,751058,408588,472146,2232150,2275571,110425,67004,379245,-588790,-63558,2018
GOLD - COMMODITY EXCHANGE INC.,2018-08-07 00:00:00,088691,459474,105849,171965,105342,83286,24692,72357,411072,423993,48402,35481,-66116,22056,-47665,2018
"CRUDE OIL, LIGHT SWEET - NEW YORK MERCANTILE EXCHANGE",2018-08-14 00:00:00,067651,2329989,353696,21188,162242,722173,399163,457979,2220961,2266280,109028,63709,332508,-559931,-58816,2018
GOLD - COMMODITY EXCHANGE INC.,2018-08-14 00:00:00,088691,476739,104803,188127,109688,78429,27574,66183,430366,441404,46373,35335,-83324,31259,-38609,2018
"CRUDE OIL, LIGHT SWEET - NEW YORK MERCANTILE EXCHANGE",2018-08-21 00:00:00,067651,2235767,364895,33235,164112,707785,381632,416803,2137547,2177606,98220,58161,331660,-543673,-35171,2018
GOLD - COMMODITY EXCHANGE INC.,2018-08-21 00:00:00,088691,483730,107143,197171,109023,73309,26516,63915,438835,449230,44895,34500,-90028,35714,-37399,2018
"CRUDE OIL, LIGHT SWEET - NEW YORK MERCANTILE EXCHANGE",2018-08-28 00:00:00,067651,2240977,378229,19992,165575,706882,384422,428941,2142185,2177698,98792,63279,358237,-541307,-44519,2018
GOLD - COMMODITY EXCHANGE INC.,2018-08-28 00:00:00,088691,479283,105971,181743,108361,75431,26507,67699,433775,445100,45508,34183,-75772,32930,-41192,2018
"CRUDE OIL, LIGHT SWEET - NEW YORK MERCANTILE EXCHANGE",2018-09-04 00:00:00,067651,2303047,396983,19242,168631,716703,398138,449593,2199725,2233522,103322,69525,377741,-548072,-51455,2018
GOLD - COMMODITY EXCHANGE INC.,2018-09-04 00:00:00,088691,473118,101651,184373,111868,66727,27115,65731,423949,430921,49169,42197,-82722,45141,-38616,2018
"CRUDE OIL, LIGHT SWEET - NEW YORK MERCANTILE EXCHANGE",2018-09-11 00:00:00,067651,2281869,373377,24809,170093,696432,400214,449684,2181712,2213676,100157,68193,348568,-526339,-49470,2018
GOLD - COMMODITY EXCHANGE INC.,2018-09-11 00:00:00,088691,469450,100593,175812,111917,71547,28256,68613,421584,429161,47866,40289,-75219,40370,-40357,2018
"CRUDE OIL, LIGHT SWEET - NEW YORK MERCANTILE EXCHANGE",2018-09-18 00:00:00,067651,2228937,352604,25847,171736,694142,389771,435303,2130565,2168137,98372,60800,326757,-522406,-45532,2018
GOLD - COMMODITY EXCHANGE INC.,2018-09-18 00:00:00,088691,469436,97904,180367,111685,71023,29357,68328,425568,434721,43868,34715,-82463,40662,-38971,2018
"CRUDE OIL, LIGHT SWEET - NEW YORK MERCANTILE EXCHANGE",2018-09-25 00:00:00,067651,2225779,358204,24563,170639,696870,363909,433868,2123244,2159349,102535,66430,333641,-526231,-69959,2018
GOLD - COMMODITY EXCHANGE INC.,2018-09-25 00:00:00,088691,460279,98513,182190,110272,62667,27277,67802,412741,423309,47538,36970,-83677,47605,-40525,2018
"CRUDE OIL, LIGHT SWEET - NEW YORK MERCANTILE EXCHANGE",2018-10-02 00:00:00,067651,2245589,359337,29838,176371,708695,370133,421438,2137886,2172606,107703,72983,329499,-532324,-51305,2018
GOLD - COMMODITY EXCHANGE INC.,2018-10-02 00:00:00,088691,459776,100671,180274,108806,61321,31567,70177,410490,423437,49286,36339,-79603,47485,-38610,2018
"CRUDE OIL, LIGHT SWEET - NEW YORK MERCANTILE EXCHANGE",2018-10-09 00:00:00,067651,2217171,334714,38037,169870,710530,383926,411922,2109668,2150273,107503,66898,296677,-540660,-27996,2018
GOLD - COMMODITY EXCHANGE INC.,2018-10-09 00:00:00,088691,465253,82218,191672,111386,51387,35501,69634,417812,430121,47441,35132,-109454,59999,-34133,2018
"CRUDE OIL, LIGHT SWEET - NEW YORK MERCANTILE EXCHANGE",2018-10-16 00:00:00,067651,2218887,307049,57497,172472,691000,398643,417302,2114678,2158636,104209,60251,249552,-518528,-18659,2018
GOLD - COMMODITY EXCHANGE INC.,2018-10-16 00:00:00,088691,474418,95333,144715,105647,75686,36197,98154,426621,440950,47797,33468,-49382,29961,-61957,2018
"CRUDE OIL, LIGHT SWEET - NEW YORK MERCANTILE EXCHANGE",2018-10-23 00:00:00,067651,2131494,269291,69842,168042,652882,394127,412102,2028163,2075700,103331,55794,199449,-484840,-17975,2018
GOLD - COMMODITY EXCHANGE INC.,2018-10-23 00:00:00,088691,477832,99368,137484,102239,80835,34663,102587,429942,447074,47890,30758,-38116,21404,-67924,2018
"CRUDE OIL, LIGHT SWEET - NEW YORK MERCANTILE EXCHANGE",2018-10-30 00:00:00,067651,2093055,255238,68728,167524,633617,422496,423474,1997722,2032155,95333,60900,186510,-466093,-978,2018
GOLD - COMMODITY EXCHANGE INC.,2018-10-30 00:00:00,088691,474941,80105,135628,102321,72472,36057,97111,426071,444082,48870,30859,-55523,29849,-61054,2018
"CRUDE OIL, LIGHT SWEET - NEW YORK MERCANTILE EXCHANGE",2018-11-06 00:00:00,067651,2075239,241906,93737,160976,602847,434452,439192,1969260,2012088,105979,63151,148169,-441871,-4740,2018
GOLD - COMMODITY EXCHANGE INC.,2018-11-06 00:00:00,088691,494911,82188,129634,99126,74951,37023,99334,446296,465406,48615,29505,-47446,24175,-62311,2018
"CRUDE OIL, LIGHT SWEET - NEW YORK MERCANTILE EXCHANGE",2018-11-13 00:00:00,067651,2110793,244987,109306,160171,576459,464623,467862,2006509,2044838,104284,65955,135681,-416288,-3239,2018
GOLD - COMMODITY EXCHANGE INC.,2018-11-13 00:00:00,088691,539520,79529,158723,105368,65228,47551,89514,492588,503658,46932,35862,-79194,40140,-41963,2018
"CRUDE OIL, LIGHT SWEET - NEW YORK MERCANTILE EXCHANGE",2018-11-20 00:00:00,067651,1998866,235546,102596,150091,563537,455811,438755,1904561,1933764,94305,65102,132950,-413446,17056,2018
GOLD - COMMODITY EXCHANGE INC.,2018-11-20 00:00:00,088691,525940,84356,136207,101125,78155,47454,93564,482149,496393,43791,29547,-51851,22970,-46110,2018
"CRUDE OIL, LIGHT SWEET - NEW YORK MERCANTILE EXCHANGE",2018-11-27 00:00:00,067651,2020092,222409,93965,150906,545365,467968,446724,1928683,1953777,91409,66315,128444,-394459,21244,2018
GOLD - COMMODITY EXCHANGE INC.,2018-11-27 00:00:00,088691,442801,79992,138382,101201,76287,35196,76210,394681,408910,48120,33891,-58390,24914,-41014,2018
"CRUDE OIL, LIGHT SWEET - NEW YORK MERCANTILE EXCHANGE",2018-12-04 00:00:00,067651,2048735,210034,106054,155969,520813,474099,457779,1957865,1976243,90870,72492,103980,-364844,16320,2018
GOLD - COMMODITY EXCHANGE INC.,2018-12-04 00:00:00,088691,399919,99414,109201,92265,94967,19212,74759,360415,369663,39504,30256,-9787,-2702,-55547,2018
"CRUDE OIL, LIGHT SWEET - NEW YORK MERCANTILE EXCHANGE",2018-12-11 00:00:00,067651,2050634,206987,112347,153702,502634,467856,449876,1957089,1978535,93545,72099,94640,-348932,17980,2018
GOLD - COMMODITY EXCHANGE INC.,2018-12-11 00:00:00,088691,402250,89942,90008,95532,108720,18936,83116,356986,373855,45264,28395,-66,-13188,-64180,2018
"CRUDE OIL, LIGHT SWEET - NEW YORK MERCANTILE EXCHANGE",2018-12-18 00:00:00,067651,2063376,195923,128627,151655,503074,495670,478536,1966566,1991243,96810,72133,67296,-351419,17134,2018
GOLD - COMMODITY EXCHANGE INC.,2018-12-18 00:00:00,088691,412485,100828,89630,93951,126188,18531,78969,367727,384442,44758,28043,11198,-32237,-60438,2018
"CRUDE OIL, LIGHT SWEET - NEW YORK MERCANTILE EXCHANGE",2018-12-24 00:00:00,067651,2073992,196962,120752,148831,494646,491621,467803,1982762,1998447,91230,75545,76210,-345815,23818,2018
GOLD - COMMODITY EXCHANGE INC.,2018-12-24 00:00:00,088691,442727,119146,77178,90994,153318,20170,86065,398861,416095,43866,26632,41968,-62324,-65895,2018
"CRUDE OIL, LIGHT SWEET - NEW YORK MERCANTILE EXCHANGE",2018-12-31 00:00:00,067651,2104675,203415,125298,147749,468993,486566,474853,2018001,2028819,86674,75856,78117,-321244,11713,2018
GOLD - COMMODITY EXCHANGE INC.,2018-12-31 00:00:00,088691,451360,121205,71021,91520,163237,19300,92197,404653,425495,46707,25865,50184,-71717,-72897,2018
"CRUDE OIL, LIGHT SWEET - NEW YORK MERCANTILE EXCHANGE",2019-01-08 00:00:00,067651,2120930,202408,142709,150934,436196,492894,482907,2034051,2032115,86879,88815,59699,-285262,9987,2019
GOLD - COMMODITY EXCHANGE INC.,2019-01-08 00:00:00,088691,455232,112690,80219,95600,154736,12969,75020,406724,428695,48508,26537,32471,-59136,-62051,2019
"CRUDE OIL, LIGHT SWEET - NEW YORK MERCANTILE EXCHANGE",2019-01-15 00:00:00,067651,2103777,204610,108148,157324,436039,469416,500125,2020740,2023239,83037,80538,96462,-278715,-30709,2019
GOLD - COMMODITY EXCHANGE INC.,2019-01-15 00:00:00,088691,501605,115651,90716,99528,147690,43351,103302,452271,472471,49334,29134,24935,-48162,-59951,2019
"CRUDE OIL, LIGHT SWEET - NEW YORK MERCANTILE EXCHANGE",2019-01-22 00:00:00,067651,2048817,214399,89168,162294,445847,462524,513964,1971515,1971649,77302,77168,125231,-283553,-51440,2019
GOLD - COMMODITY EXCHANGE INC.,2019-01-22 00:00:00,088691,513509,105295,89085,102479,134513,50087,110130,464769,482342,48740,31167,16210,-32034,-60043,2019
"CRUDE OIL, LIGHT SWEET - NEW YORK MERCANTILE EXCHANGE",2019-01-29 00:00:00,067651,2042018,224573,70931,165366,433760,440773,515234,1968976,1970920,73042,71098,153642,-268394,-74461,2019
GOLD - COMMODITY EXCHANGE INC.,2019-01-29 00:00:00,088691,483390,126404,94007,102371,150322,14289,84947,434248,453264,49142,30126,32397,-47951,-70658,2019
"CRUDE OIL, LIGHT SWEET - NEW YORK MERCANTILE EXCHANGE",2019-02-05 00:00:00,067651,2057061,229031,81026,164168,439214,448768,505844,1975627,1986140,81434,70921,148005,-275046,-57076,2019
GOLD - COMMODITY EXCHANGE INC.,2019-02-05 00:00:00,088691,479736,134954,90079,111952,169627,15593,89160,429381,451528,50355,28208,44875,-57675,-73567,2019
"CRUDE OIL, LIGHT SWEET - NEW YORK MERCANTILE EXCHANGE",2019-02-12 00:00:00,067651,2077398,219088,82705,167141,426479,489709,529299,1998007,2008721,79391,68677,136383,-259338,-39590,2019
GOLD - COMMODITY EXCHANGE INC.,2019-02-12 00:00:00,088691,476083,132365,89746,113352,165296,16566,90733,427234,448471,48849,27612,42619,-51944,-74167,2019
"CRUDE OIL, LIGHT SWEET - NEW YORK MERCANTILE EXCHANGE",2019-02-19 00:00:00,067651,2019218,222647,79198,155553,460080,489846,507742,1940832,1949288,78386,69930,143449,-304527,-17896,2019
GOLD - COMMODITY EXCHANGE INC.,2019-02-19 00:00:00,088691,504639,166411,84034,102849,180889,15236,103673,453768,474598,50871,30041,82377,-78040,-88437,2019
"CRUDE OIL, LIGHT SWEET - NEW YORK MERCANTILE EXCHANGE",2019-02-26 00:00:00,067651,2025884,224313,76399,150697,472321,497826,513822,1946530,1956479,79354,69405,147914,-321624,-15996,2019
GOLD - COMMODITY EXCHANGE INC.,2019-02-26 00:00:00,088691,501268,154217,75658,102816,176912,15312,101061,448279,472428,52989,28840,78559,-74096,-85749,2019
"CRUDE OIL, LIGHT SWEET - NEW YORK MERCANTILE EXCHANGE",2019-03-05 00:00:00,067651,2067851,239723,63656,148274,480461,483058,508446,1986095,1994869,81756,72982,176067,-332187,-25388,2019
GOLD - COMMODITY EXCHANGE INC.,2019-03-05 00:00:00,088691,471311,125903,94656,105762,147578,13920,86101,418090,444069,53221,27242,31247,-41816,-72181,2019
"CRUDE OIL, LIGHT SWEET - NEW YORK MERCANTILE EXCHANGE",2019-03-12 00:00:00,067651,2012864,242177,58369,148283,485467,458130,490449,1930207,1937445,82657,75419,183808,-337184,-32319,2019
GOLD - COMMODITY EXCHANGE INC.,2019-03-12 00:00:00,088691,530030,123293,105886,104043,152196,27128,87449,472490,502145,57540,27885,17407,-48153,-60321,2019
"CRUDE OIL, LIGHT SWEET - NEW YORK MERCANTILE EXCHANGE",2019-03-19 00:00:00,067651,1962559,284974,46309,143270,529351,430344,471110,1882204,1894305,80355,68254,238665,-386081,-40766,2019
GOLD - COMMODITY EXCHANGE INC.,2019-03-19 00:00:00,088691,514163,123909,93434,99696,151358,33592,97589,459720,486983,54443,27180,30475,-51662,-63997,2019
"CRUDE OIL, LIGHT SWEET - NEW YORK MERCANTILE EXCHANGE",2019-03-26 00:00:00,067651,1968511,305594,38543,145038,543878,409183,465761,1889408,1896207,79103,72304,267051,-398840,-56578,2019
GOLD - COMMODITY EXCHANGE INC.,2019-03-26 00:00:00,088691,509575,135373,77386,96748,178833,14704,84053,445305,476801,64270,32774,57987,-82085,-69349,2019
"CRUDE OIL, LIGHT SWEET - NEW YORK MERCANTILE EXCHANGE",2019-04-02 00:00:00,067651,1975009,318080,32378,146345,567192,413328,479754,1886282,1892194,88727,82815,285702,-420847,-66426,2019
GOLD - COMMODITY EXCHANGE INC.,2019-04-02 00:00:00,088691,440170,110816,86198,98592,158587,16339,74574,390124,413798,50046,26372,24618,-59995,-58235,2019
"CRUDE OIL, LIGHT SWEET - NEW YORK MERCANTILE EXCHANGE",2019-04-09 00:00:00,067651,2021814,344229,24171,153251,614238,444236,518731,1924685,1943505,97129,78309,320058,-460987,-74495,2019
GOLD - COMMODITY EXCHANGE INC.,2019-04-09 00:00:00,088691,447539,117917,80880,89285,162497,16242,75839,393090,420535,54449,27004,37037,-73212,-59597,2019
"CRUDE OIL, LIGHT SWEET - NEW YORK MERCANTILE EXCHANGE",2019-04-16 00:00:00,067651,2092151,345258,25210,156742,620903,450464,516293,2000203,2014935,91948,77216,320048,-464161,-65829,2019
GOLD - COMMODITY EXCHANGE INC.,2019-04-16 00:00:00,088691,440581,96196,111583,102113,137333,18586,61796,387359,409516,53222,31065,-15387,-35220,-43210,2019
"CRUDE OIL, LIGHT SWEET - NEW YORK MERCANTILE EXCHANGE",2019-04-23 00:00:00,067651,2139213,352453,22057,158645,670065,448757,507806,2042813,2065923,96400,73290,330396,-511420,-59049,2019
GOLD - COMMODITY EXCHANGE INC.,2019-04-23 00:00:00,088691,440048,88989,122818,111538,132951,17090,53073,390393,410394,49655,29654,-33829,-21413,-35983,2019
"CRUDE OIL, LIGHT SWEET - NEW YORK MERCANTILE EXCHANGE",2019-04-30 00:00:00,067651,2144648,343484,27486,156427,658064,433628,481154,2054090,2079150,90558,65498,315998,-501637,-47526,2019
GOLD - COMMODITY EXCHANGE INC.,2019-04-30 00:00:00,088691,430011,95159,95083,107267,144604,16898,67873,380868,402961,49143,27050,76,-37337,-50975,2019
"CRUDE OIL, LIGHT SWEET - NEW YORK MERCANTILE EXCHANGE",2019-05-07 00:00:00,067651,2133539,319320,38192,150467,641056,425224,456214,2036138,2063381,97401,70158,281128,-490589,-30990,2019
GOLD - COMMODITY EXCHANGE INC.,2019-05-07 00:00:00,088691,450039,102975,93428,97242,145649,19282,67234,400939,421887,49100,28152,9547,-48407,-47952,2019
"CRUDE OIL, LIGHT SWEET - NEW YORK MERCANTILE EXCHANGE",2019-05-14 00:00:00,067651,2153657,304707,40168,146990,623906,453781,485744,2062702,2083773,90955,69884,264539,-476916,-31963,2019
GOLD - COMMODITY EXCHANGE INC.,2019-05-14 00:00:00,088691,517995,138467,85921,93005,165306,37635,102517,464564,477211,53431,40784,52546,-72301,-64882,2019
"CRUDE OIL, LIGHT SWEET - NEW YORK MERCANTILE EXCHANGE",2019-05-21 00:00:00,067651,2085029,277839,39105,138822,618653,427922,449977,1993867,2017355,91162,67674,238734,-479831,-22055,2019
GOLD - COMMODITY EXCHANGE INC.,2019-05-21 00:00:00,088691,508643,114986,99049,97934,143140,42131,104863,454988,474121,53655,34522,15937,-45206,-62732,2019
"CRUDE OIL, LIGHT SWEET - NEW YORK MERCANTILE EXCHANGE",2019-05-28 00:00:00,067651,2102854,257197,55890,135433,582341,430074,432243,2022965,2033104,79889,69750,201307,-446908,-2169,2019
GOLD - COMMODITY EXCHANGE INC.,2019-05-28 00:00:00,088691,505126,119314,93040,101915,149073,47857,110653,447959,471225,57167,33901,26274,-47158,-62796,2019
"CRUDE OIL, LIGHT SWEET - NEW YORK MERCANTILE EXCHANGE",2019-06-04 00:00:00,067651,2078407,239064,68688,132244,555213,435545,424124,1996056,2007436,82351,70971,170376,-422969,11421,2019
GOLD - COMMODITY EXCHANGE INC.,2019-06-04 00:00:00,088691,481495,159663,63481,92611,178417,19523,106293,429892,446353,51603,35142,96182,-85806,-86770,2019
"CRUDE OIL, LIGHT SWEET - NEW YORK MERCANTILE EXCHANGE",2019-06-11 00:00:00,067651,2057046,214928,96527,138697,515690,446808,428434,1975362,1982326,81684,74720,118401,-376993,18374,2019
GOLD - COMMODITY EXCHANGE INC.,2019-06-11 00:00:00,088691,496663,169640,40480,95607,205018,22226,114842,447668,465457,48995,31206,129160,-109411,-92616,2019
"CRUDE OIL, LIGHT SWEET - NEW YORK MERCANTILE EXCHANGE",2019-06-18 00:00:00,067651,2003618,223751,71072,140591,515127,435179,423312,1924950,1924532,78668,79086,152679,-374536,11867,2019
GOLD - COMMODITY EXCHANGE INC.,2019-06-18 00:00:00,088691,525636,191766,41250,99745,221348,22520,124772,473281,492813,52355,32823,150516,-121603,-102252,2019
"CRUDE OIL, LIGHT SWEET - NEW YORK MERCANTILE EXCHANGE",2019-06-25 00:00:00,067651,2004961,215133,53922,138944,536229,449040,426663,1928869,1924974,76092,79987,161211,-397285,22377,2019
GOLD - COMMODITY EXCHANGE INC.,2019-06-25 00:00:00,088691,577605,204918,27177,110102,242764,27515,155003,518177,541773,59428,35832,177741,-132662,-127488,2019
"CRUDE OIL, LIGHT SWEET - NEW YORK MERCANTILE EXCHANGE",2019-07-02 00:00:00,067651,2031169,225003,51394,135368,557393,438402,414608,1947620,1953041,83549,78128,173609,-422025,23794,2019
GOLD - COMMODITY EXCHANGE INC.,2019-07-02 00:00:00,088691,605949,214186,20099,111301,254617,26439,169945,544617,572493,61332,33456,194087,-143316,-143506,2019
"CRUDE OIL, LIGHT SWEET - NEW YORK MERCANTILE EXCHANGE",2019-07-09 00:00:00,067651,1999766,224016,46979,137304,552943,422456,399784,1919962,1922780,79804,76986,177037,-415639,22672,2019
GOLD - COMMODITY EXCHANGE INC.,2019-07-09 00:00:00,088691,598977,208301,25690,113865,242667,23099,172713,532589,566242,66388,32735,182611,-128802,-149614,2019
"CRUDE OIL, LIGHT SWEET - NEW YORK MERCANTILE EXCHANGE",2019-07-16 00:00:00,067651,2089629,268607,48964,138174,584762,423330,408288,2005245,2013029,84384,76600,219643,-446588,15042,2019
GOLD - COMMODITY EXCHANGE INC.,2019-07-16 00:00:00,088691,601900,211322,31263,106552,246960,36109,173109,533754,565661,68146,36239,180059,-140408,-137000,2019
"CRUDE OIL, LIGHT SWEET - NEW YORK MERCANTILE EXCHANGE",2019-07-23 00:00:00,067651,2056492,255681,76957,139146,563302,416733,390065,1979253,1978890,77239,77602,178724,-424156,26668,2019
GOLD - COMMODITY EXCHANGE INC.,2019-07-23 00:00:00,088691,616859,208153,29980,105569,253210,35072,175270,543864,580453,72995,36406,178173,-147641,-140198,2019
"CRUDE OIL, LIGHT SWEET - NEW YORK MERCANTILE EXCHANGE",2019-07-30 00:00:00,067651,2069072,259812,79192,140203,549692,435611,413189,1990671,1990447,78401,78625,180620,-409489,22422,2019
GOLD - COMMODITY EXCHANGE INC.,2019-07-30 00:00:00,088691,563298,215581,29868,103601,256977,16484,151075,499077,532656,64221,30642,185713,-153376,-134591,2019
"CRUDE OIL, LIGHT SWEET - NEW YORK MERCANTILE EXCHANGE",2019-08-06 00:00:00,067651,2070210,264936,86287,133538,541079,443673,410221,1994051,1992499,76159,77711,178649,-407541,33452,2019
GOLD - COMMODITY EXCHANGE INC.,2019-08-06 00:00:00,088691,600317,248687,21854,97634,282629,21577,160907,537473,569253,62844,31064,226833,-184995,-139330,2019
"CRUDE OIL, LIGHT SWEET - NEW YORK MERCANTILE EXCHANGE",2019-08-13 00:00:00,067651,2059135,277969,67580,138885,530688,403077,382808,1986669,1976059,72466,83076,210389,-391803,20269,2019
GOLD - COMMODITY EXCHANGE INC.,2019-08-13 00:00:00,088691,593962,245631,22020,96263,281134,20942,159798,530504,564141,63458,29821,223611,-184871,-138856,2019
"CRUDE OIL, LIGHT SWEET - NEW YORK MERCANTILE EXCHANGE",2019-08-20 00:00:00,067651,2002847,269925,49493,133848,543610,401129,397180,1934263,1925441,68584,77406,220432,-409762,3949,2019
GOLD - COMMODITY EXCHANGE INC.,2019-08-20 00:00:00,088691,594807,249696,19850,94900,285833,21303,166620,530952,567209,63855,27598,229846,-190933,-145317,2019
"CRUDE OIL, LIGHT SWEET - NEW YORK MERCANTILE EXCHANGE",2019-08-27 00:00:00,067651,2003007,250734,57053,133433,518187,409527,407218,1931707,1922502,71300,80505,193681,-384754,2309,2019
GOLD - COMMODITY EXCHANGE INC.,2019-08-27 00:00:00,088691,636183,258269,31553,95266,284738,28589,172923,565772,602740,70411,33443,226716,-189472,-144334,2019
"CRUDE OIL, LIGHT SWEET - NEW YORK MERCANTILE EXCHANGE",2019-09-03 00:00:00,067651,2082415,242150,62554,131811,533006,435531,416455,2005924,2003886,76491,78529,179596,-401195,19076,2019
GOLD - COMMODITY EXCHANGE INC.,2019-09-03 00:00:00,088691,634358,265175,33549,97751,280835,23849,178506,568710,605904,65648,28454,231626,-183084,-154657,2019
"CRUDE OIL, LIGHT SWEET - NEW YORK MERCANTILE EXCHANGE",2019-09-10 00:00:00,067651,2080994,262145,41657,133402,568040,427811,417361,2000914,1996897,80080,84097,220488,-434638,10450,2019
GOLD - COMMODITY EXCHANGE INC.,2019-09-10 00:00:00,088691,614753,239475,33294,109076,260859,23199,177027,551212,587098,63541,27655,206181,-151783,-153828,2019
"CRUDE OIL, LIGHT SWEET - NEW YORK MERCANTILE EXCHANGE",2019-09-17 00:00:00,067651,2073041,266138,39324,135475,602457,429278,402579,1980612,1993790,92429,79251,226814,-466982,26699,2019
GOLD - COMMODITY EXCHANGE INC.,2019-09-17 00:00:00,088691,630990,241936,28080,108242,267080,21281,180842,569901,605701,61089,25289,213856,-158838,-159561,2019
"CRUDE OIL, LIGHT SWEET - NEW YORK MERCANTILE EXCHANGE",2019-09-24 00:00:00,067651,2048088,261776,53064,133940,603135,449884,420943,1964564,1980656,83524,67432,208712,-469195,28941,2019
GOLD - COMMODITY EXCHANGE INC.,2019-09-24 00:00:00,088691,658944,265508,27637,109466,290203,20674,185082,595467,628168,63477,30776,237871,-180737,-164408,2019
"CRUDE OIL, LIGHT SWEET - NEW YORK MERCANTILE EXCHANGE",2019-10-01 00:00:00,067651,2085676,217764,76541,135177,569537,468378,435995,2002024,2014682,83652,70994,141223,-434360,32383,2019
GOLD - COMMODITY EXCHANGE INC.,2019-10-01 00:00:00,088691,604885,219990,29179,109866,262855,23159,173858,544349,579044,60536,25841,190811,-152989,-150699,2019
"CRUDE OIL, LIGHT SWEET - NEW YORK MERCANTILE EXCHANGE",2019-10-08 00:00:00,067651,2105717,210463,113400,136547,531651,478983,447388,2017835,2026259,87882,79458,97063,-395104,31595,2019
GOLD - COMMODITY EXCHANGE INC.,2019-10-08 00:00:00,088691,616957,231976,31475,112484,269184,22269,176511,555439,590818,61518,26139,200501,-156700,-154242,2019
"CRUDE OIL, LIGHT SWEET - NEW YORK MERCANTILE EXCHANGE",2019-10-15 00:00:00,067651,2136717,211183,120721,138258,526266,474755,451204,2054443,2062016,82274,74701,90462,-388008,23551,2019
GOLD - COMMODITY EXCHANGE INC.,2019-10-15 00:00:00,088691,607387,213987,38200,117918,260882,22787,168098,544324,579572,63063,27815,175787,-142964,-145311,2019
"CRUDE OIL, LIGHT SWEET - NEW YORK MERCANTILE EXCHANGE",2019-10-22 00:00:00,067651,2081290,229935,130083,136146,535258,463299,431157,2005985,2006783,75305,74507,99852,-399112,32142,2019
GOLD - COMMODITY EXCHANGE INC.,2019-10-22 00:00:00,088691,625528,218317,33879,119656,269747,22191,167457,561435,597660,64093,27868,184438,-150091,-145266,2019
"CRUDE OIL, LIGHT SWEET - NEW YORK MERCANTILE EXCHANGE",2019-10-29 00:00:00,067651,2045914,227229,115776,137554,545863,450131,425999,1967780,1968610,78134,77304,111453,-408309,24132,2019
GOLD - COMMODITY EXCHANGE INC.,2019-10-29 00:00:00,088691,643442,230664,32106,122994,284635,22136,161711,577825,602526,65617,40916,198558,-161641,-139575,2019
"CRUDE OIL, LIGHT SWEET - NEW YORK MERCANTILE EXCHANGE",2019-11-05 00:00:00,067651,2083893,236564,106362,137349,560067,449547,432775,2000776,2000582,83117,83311,130202,-422718,16772,2019
GOLD - COMMODITY EXCHANGE INC.,2019-11-05 00:00:00,088691,690181,233167,35920,126365,303363,17855,157995,624803,662113,65378,28068,197247,-176998,-140140,2019
"CRUDE OIL, LIGHT SWEET - NEW YORK MERCANTILE EXCHANGE",2019-11-12 00:00:00,067651,2151499,226642,63123,136614,548177,464878,478066,2074156,2074310,77343,77189,163519,-411563,-13188,2019
GOLD - COMMODITY EXCHANGE INC.,2019-11-12 00:00:00,088691,708463,209432,33991,123638,302535,41974,164545,640742,675144,67721,33319,175441,-178897,-122571,2019
"CRUDE OIL, LIGHT SWEET - NEW YORK MERCANTILE EXCHANGE",2019-11-19 00:00:00,067651,2123596,213438,75368,124867,565670,457844,458185,2036474,2047643,87122,75953,138070,-440803,-341,2019
GOLD - COMMODITY EXCHANGE INC.,2019-11-19 00:00:00,088691,719211,221795,26596,122366,314223,38835,166073,653658,686894,65553,32317,195199,-191857,-127238,2019
"CRUDE OIL, LIGHT SWEET - NEW YORK MERCANTILE EXCHANGE",2019-11-26 00:00:00,067651,2187168,244968,35781,123924,580923,468648,486425,2105044,2108884,82124,78284,209187,-456999,-17777,2019
GOLD - COMMODITY EXCHANGE INC.,2019-11-26 00:00:00,088691,669268,218724,24437,121252,305723,24107,145103,610356,644189,58912,25079,194287,-184471,-120996,2019
"CRUDE OIL, LIGHT SWEET - NEW YORK MERCANTILE EXCHANGE",2019-12-03 00:00:00,067651,2163757,214170,62981,130867,557764,472745,483558,2080344,2090019,83413,73738,151189,-426897,-10813,2019
GOLD - COMMODITY EXCHANGE INC.,2019-12-03 00:00:00,088691,701016,232276,24314,122418,316394,25300,154111,644336,676418,56680,24598,207962,-193976,-128811,2019
"CRUDE OIL, LIGHT SWEET - NEW YORK MERCANTILE EXCHANGE",2019-12-10 00:00:00,067651,2229813,271959,30942,127877,610177,493855,513544,2141560,2148010,88253,81803,241017,-482300,-19689,2019
GOLD - COMMODITY EXCHANGE INC.,2019-12-10 00:00:00,088691,690003,212929,29281,124100,304205,25199,147377,633952,665315,56051,24688,183648,-180105,-122178,2019
"CRUDE OIL, LIGHT SWEET - NEW YORK MERCANTILE EXCHANGE",2019-12-17 00:00:00,067651,2166584,310460,25131,133364,649532,439892,465687,2078636,2084222,87948,82362,285329,-516168,-25795,2019
GOLD - COMMODITY EXCHANGE INC.,2019-12-17 00:00:00,088691,716987,228616,26895,123907,309183,24515,157858,661090,693434,55897,23553,201721,-185276,-133343,2019
"CRUDE OIL, LIGHT SWEET - NEW YORK MERCANTILE EXCHANGE",2019-12-24 00:00:00,067651,2114661,324992,31272,135930,676822,399370,417347,2031130,2039922,83531,74739,293720,-540892,-17977,2019
GOLD - COMMODITY EXCHANGE INC.,2019-12-24 00:00:00,088691,748737,245366,26520,122413,325661,26943,164091,689536,724280,59201,24457,218846,-203248,-137148,2019
"CRUDE OIL, LIGHT SWEET - NEW YORK MERCANTILE EXCHANGE",2019-12-31 00:00:00,067651,2145567,331362,30584,135952,679143,407814,432258,2061300,2074078,84267,71489,300778,-543191,-24444,2019
GOLD - COMMODITY EXCHANGE INC.,2019-12-31 00:00:00,088691,786166,258357,25625,124486,344870,25430,171537,725156,763722,61010,22444,232732,-220384,-146107,2019
"CRUDE OIL, LIGHT SWEET - NEW YORK MERCANTILE EXCHANGE",2020-01-07 00:00:00,067651,2244930,340235,29708,138350,709217,427802,454860,2146046,2176699,98884,68231,310527,-570867,-27058,2020
GOLD - COMMODITY EXCHANGE INC.,2020-01-07 00:00:00,088691,785857,261083,31326,124087,336420,23615,167363,725295,759085,60562,26772,229757,-212333,-143748,2020
"CRUDE OIL, LIGHT SWEET - NEW YORK MERCANTILE EXCHANGE",2020-01-14 00:00:00,067651,2215893,285931,48882,138293,700794,394095,395926,2123838,2157858,92055,58035,237049,-562501,-1831,2020
GOLD - COMMODITY EXCHANGE INC.,2020-01-14 00:00:00,088691,796883,262402,31943,125556,334235,40178,181318,735286,765870,61597,31013,230459,-208679,-141140,2020
"CRUDE OIL, LIGHT SWEET - NEW YORK MERCANTILE EXCHANGE",2020-01-21 00:00:00,067651,2146832,291872,48176,137850,690907,372657,369076,2064488,2093396,82344,53436,243696,-553057,3581,2020
GOLD - COMMODITY EXCHANGE INC.,2020-01-21 00:00:00,088691,793829,258269,34437,121988,331304,42645,185232,728712,762920,65117,30909,223832,-209316,-142587,2020
"CRUDE OIL, LIGHT SWEET - NEW YORK MERCANTILE EXCHANGE",2020-01-28 00:00:00,067651,2172019,264171,85712,139223,634242,363255,354371,2086099,2110472,85920,61547,178459,-495019,8884,2020
GOLD - COMMODITY EXCHANGE INC.,2020-01-28 00:00:00,088691,715539,254259,34321,119308,341159,22487,161450,654757,685479,60782,30060,219938,-221851,-138963,2020
"CRUDE OIL, LIGHT SWEET - NEW YORK MERCANTILE EXCHANGE",2020-02-04 00:00:00,067651,2271741,249960,123251,141180,590768,445078,420616,2179745,2207497,91996,64244,126709,-449588,24462,2020
GOLD - COMMODITY EXCHANGE INC.,2020-02-04 00:00:00,088691,654572,223762,42152,119930,312983,16469,155103,593907,625788,60665,28784,181610,-193053,-138634,2020
"CRUDE OIL, LIGHT SWEET - NEW YORK MERCANTILE EXCHANGE",2020-02-11 00:00:00,067651,2213522,236316,123923,140951,567211,451866,438213,2120762,2136600,92760,76922,112393,-426260,13653,2020
GOLD - COMMODITY EXCHANGE INC.,2020-02-11 00:00:00,088691,658024,231499,35828,120850,316888,17009,158762,597427,627244,60597,30780,195671,-196038,-141753,2020
"CRUDE OIL, LIGHT SWEET - NEW YORK MERCANTILE EXCHANGE",2020-02-18 00:00:00,067651,2138168,223429,118106,135064,563539,416813,408548,2051686,2060132,86482,78036,105323,-428475,8265,2020
GOLD - COMMODITY EXCHANGE INC.,2020-02-18 00:00:00,088691,715317,278286,39740,113558,340089,17130,176211,650474,682437,64843,32880,238546,-226531,-159081,2020
"CRUDE OIL, LIGHT SWEET - NEW YORK MERCANTILE EXCHANGE",2020-02-25 00:00:00,067651,2179833,215912,81481,133051,571964,473740,474630,2092573,2100910,87260,78923,134431,-438913,-890,2020
GOLD - COMMODITY EXCHANGE INC.,2020-02-25 00:00:00,088691,732917,263218,32372,111284,323250,20685,184340,656686,696442,76231,36475,230846,-211966,-163655,2020
"CRUDE OIL, LIGHT SWEET - NEW YORK MERCANTILE EXCHANGE",2020-03-03 00:00:00,067651,2196089,224961,114473,132762,535958,481474,468448,2114591,2116392,81498,79697,110488,-403196,13026,2020
GOLD - COMMODITY EXCHANGE INC.,2020-03-03 00:00:00,088691,691985,242921,27560,109639,300310,18481,178821,629666,660944,62319,31041,215361,-190671,-160340,2020
"CRUDE OIL, LIGHT SWEET - NEW YORK MERCANTILE EXCHANGE",2020-03-10 00:00:00,067651,2220972,258780,111996,138644,551598,480642,464070,2134228,2143213,86744,77759,146784,-412954,16572,2020
GOLD - COMMODITY EXCHANGE INC.,2020-03-10 00:00:00,088691,633470,220642,10457,114320,301829,30447,171242,573302,602075,60168,31395,210185,-187509,-140795,2020
"CRUDE OIL, LIGHT SWEET - NEW YORK MERCANTILE EXCHANGE",2020-03-17 00:00:00,067651,2154450,233160,74993,118950,606767,524127,492908,2067648,2084009,86802,70441,158167,-487817,31219,2020
GOLD - COMMODITY EXCHANGE INC.,2020-03-17 00:00:00,088691,573925,164979,10900,95537,263868,28316,161694,522604,542397,51321,31528,154079,-168331,-133378,2020
"CRUDE OIL, LIGHT SWEET - NEW YORK MERCANTILE EXCHANGE",2020-03-24 00:00:00,067651,2141284,243563,78503,123658,628426,489761,451886,2041717,2072597,99567,68687,165060,-504768,37875,2020
GOLD - COMMODITY EXCHANGE INC.,2020-03-24 00:00:00,088691,547334,158965,1556,92974,270015,22853,157635,497518,520975,49816,26359,157409,-177041,-134782,2020
"CRUDE OIL, LIGHT SWEET - NEW YORK MERCANTILE EXCHANGE",2020-03-31 00:00:00,067651,2340672,266671,100469,139735,633689,541367,526807,2226041,2270327,114631,70345,166202,-493954,14560,2020
GOLD - COMMODITY EXCHANGE INC.,2020-03-31 00:00:00,088691,495652,156820,4222,81549,253299,25659,137868,447956,473066,47696,22586,152598,-171750,-112209,2020
"CRUDE OIL, LIGHT SWEET - NEW YORK MERCANTILE EXCHANGE",2020-04-07 00:00:00,067651,2342227,271865,91542,126318,666110,555045,540300,2223900,2264052,118327,78175,180323,-539792,14745,2020
GOLD - COMMODITY EXCHANGE INC.,2020-04-07 00:00:00,088691,480050,157005,4523,80746,246424,19757,129690,428586,455255,51464,24795,152482,-165678,-109933,2020
"CRUDE OIL, LIGHT SWEET - NEW YORK MERCANTILE EXCHANGE",2020-04-14 00:00:00,067651,2353955,295870,100515,138641,662583,488323,519210,2224821,2268981,129134,84974,195355,-523942,-30887,2020
GOLD - COMMODITY EXCHANGE INC.,2020-04-14 00:00:00,088691,489965,162412,7168,78256,250413,19415,127666,436794,464701,53171,25264,155244,-172157,-108251,2020
"CRUDE OIL, LIGHT SWEET - NEW YORK MERCANTILE EXCHANGE",2020-04-21 00:00:00,067651,2276638,324667,77189,146426,690480,468562,517090,2175719,2181121,100919,95517,247478,-544054,-48528,2020
GOLD - COMMODITY EXCHANGE INC.,2020-04-21 00:00:00,088691,493158,155492,9221,76849,248469,18506,126959,440000,470502,53158,22656,146271,-171620,-108453,2020
"CRUDE OIL, LIGHT SWEET - NEW YORK MERCANTILE EXCHANGE",2020-04-28 00:00:00,067651,2261202,384326,65960,133110,647688,463745,539452,2159010,2159907,102192,101295,318366,-514578,-75707,2020
GOLD - COMMODITY EXCHANGE INC.,2020-04-28 00:00:00,088691,500816,154025,7619,74946,255649,17954,130880,446732,477632,54084,23184,146406,-180703,-112926,2020
"CRUDE OIL, LIGHT SWEET - NEW YORK MERCANTILE EXCHANGE",2020-05-05 00:00:00,067651,2243871,392191,63590,136434,581085,464901,557148,2148102,2154388,95769,89483,328601,-444651,-92247,2020
GOLD - COMMODITY EXCHANGE INC.,2020-05-05 00:00:00,088691,490343,142326,9085,76763,249805,17834,126428,435626,467258,54717,23085,133241,-173042,-108594,2020
"CRUDE OIL, LIGHT SWEET - NEW YORK MERCANTILE EXCHANGE",2020-05-12 00:00:00,067651,2248020,405071,53386,134875,583964,491543,600425,2145023,2161975,102997,86045,351685,-449089,-108882,2020
GOLD - COMMODITY EXCHANGE INC.,2020-05-12 00:00:00,088691,496739,144015,21798,78459,251816,22089,127265,438952,474657,57787,22082,122217,-173357,-105176,2020
"CRUDE OIL, LIGHT SWEET - NEW YORK MERCANTILE EXCHANGE",2020-05-19 00:00:00,067651,2158749,401853,41670,139073,593013,425213,546228,2054996,2086348,103753,72401,360183,-453940,-121015,2020
GOLD - COMMODITY EXCHANGE INC.,2020-05-19 00:00:00,088691,528205,153961,26897,79365,262229,21879,129189,468354,506740,59851,21465,127064,-182864,-107310,2020
"CRUDE OIL, LIGHT SWEET - NEW YORK MERCANTILE EXCHANGE",2020-05-26 00:00:00,067651,2135678,420655,45845,141849,573857,408856,547988,2034452,2063018,101226,72660,374810,-432008,-139132,2020
GOLD - COMMODITY EXCHANGE INC.,2020-05-26 00:00:00,088691,519374,145566,32485,77107,262963,16983,105449,460076,496484,59298,22890,113081,-185856,-88466,2020
"CRUDE OIL, LIGHT SWEET - NEW YORK MERCANTILE EXCHANGE",2020-06-02 00:00:00,067651,2127664,438274,44143,148732,578655,400183,570274,2024484,2056168,103180,71496,394131,-429923,-170091,2020
GOLD - COMMODITY EXCHANGE INC.,2020-06-02 00:00:00,088691,475745,133655,33300,75127,249887,17550,99413,417857,455446,57888,20299,100355,-174760,-81863,2020
"CRUDE OIL, LIGHT SWEET - NEW YORK MERCANTILE EXCHANGE",2020-06-09 00:00:00,067651,2126629,444681,47132,153372,584844,397123,574214,2021932,2062586,104697,64043,397549,-431472,-177091,2020
GOLD - COMMODITY EXCHANGE INC.,2020-06-09 00:00:00,088691,475661,126407,35230,76023,236589,18289,101180,420731,455575,54930,20086,91177,-160566,-82891,2020
"CRUDE OIL, LIGHT SWEET - NEW YORK MERCANTILE EXCHANGE",2020-06-16 00:00:00,067651,2076990,428957,55896,152338,560338,370427,542736,1980443,2014480,96547,62510,373061,-408000,-172309,2020
GOLD - COMMODITY EXCHANGE INC.,2020-06-16 00:00:00,088691,489563,135945,31257,76758,247201,17761,105338,434404,468076,55159,21487,104688,-170443,-87577,2020
"CRUDE OIL, LIGHT SWEET - NEW YORK MERCANTILE EXCHANGE",2020-06-23 00:00:00,067651,2003477,426549,56461,149390,575761,352885,522392,1910402,1945397,93075,58080,370088,-426371,-169507,2020
GOLD - COMMODITY EXCHANGE INC.,2020-06-23 00:00:00,088691,532101,161593,32078,74444,267566,17771,111941,470424,505759,61677,26342,129515,-193122,-94170,2020
"CRUDE OIL, LIGHT SWEET - NEW YORK MERCANTILE EXCHANGE",2020-06-30 00:00:00,067651,2008618,435127,60260,150756,562935,330293,488499,1916951,1943510,91667,65108,374867,-412179,-158206,2020
GOLD - COMMODITY EXCHANGE INC.,2020-06-30 00:00:00,088691,561628,173526,34971,75447,281487,19798,115221,499507,534300,62121,27328,138555,-206040,-95423,2020
"CRUDE OIL, LIGHT SWEET - NEW YORK MERCANTILE EXCHANGE",2020-07-07 00:00:00,067651,1972049,424344,63336,150367,564196,327114,475611,1881048,1908057,91001,63992,361008,-413829,-148497,2020
GOLD - COMMODITY EXCHANGE INC.,2020-07-07 00:00:00,088691,572776,179810,40467,72947,283186,20352,112705,509484,544718,63292,28058,139343,-210239,-92353,2020
"CRUDE OIL, LIGHT SWEET - NEW YORK MERCANTILE EXCHANGE",2020-07-14 00:00:00,067651,2019705,422842,62853,148463,571758,356706,494204,1932755,1953797,86950,65908,359989,-423295,-137498,2020
GOLD - COMMODITY EXCHANGE INC.,2020-07-14 00:00:00,088691,580175,177400,42427,73071,278837,22532,118784,515710,555300,64465,24875,134973,-205766,-96252,2020
"CRUDE OIL, LIGHT SWEET - NEW YORK MERCANTILE EXCHANGE",2020-07-21 00:00:00,067651,1956768,430855,60733,147322,590924,320330,455384,1866898,1896678,89870,60090,370122,-443602,-135054,2020
GOLD - COMMODITY EXCHANGE INC.,2020-07-21 00:00:00,088691,603138,181256,40987,71634,275235,23045,123303,535914,573337,67224,29801,140269,-203601,-100258,2020
"CRUDE OIL, LIGHT SWEET - NEW YORK MERCANTILE EXCHANGE",2020-07-28 00:00:00,067651,1992556,418040,66264,151814,585722,343527,474076,1901045,1932933,91511,59623,351776,-433908,-130549,2020
GOLD - COMMODITY EXCHANGE INC.,2020-07-28 00:00:00,088691,598629,159894,42758,74894,262796,20494,110969,533228,574804,65401,23825,117136,-187902,-90475,2020
"CRUDE OIL, LIGHT SWEET - NEW YORK MERCANTILE EXCHANGE",2020-08-04 00:00:00,067651,2032921,427869,65676,150786,604551,339264,452560,1942571,1973366,90350,59555,362193,-453765,-113296,2020
GOLD - COMMODITY EXCHANGE INC.,2020-08-04 00:00:00,088691,561837,165357,51885,79645,258400,19158,116748,494410,532009,67427,29828,113472,-178755,-97590,2020
"CRUDE OIL, LIGHT SWEET - NEW YORK MERCANTILE EXCHANGE",2020-08-11 00:00:00,067651,2060880,421037,73041,153789,612055,355268,453799,1966700,2002562,94180,58318,347996,-458266,-98531,2020
GOLD - COMMODITY EXCHANGE INC.,2020-08-11 00:00:00,088691,553345,155418,57726,81712,256396,20119,113766,485273,529551,68072,23794,97692,-174684,-93647,2020
"CRUDE OIL, LIGHT SWEET - NEW YORK MERCANTILE EXCHANGE",2020-08-18 00:00:00,067651,2044952,412744,76008,145679,606201,376011,463236,1954235,1991287,90717,53665,336736,-460522,-87225,2020
GOLD - COMMODITY EXCHANGE INC.,2020-08-18 00:00:00,088691,544010,151016,55578,82563,259342,19419,110411,477057,521310,66953,22700,95438,-176779,-90992,2020
"CRUDE OIL, LIGHT SWEET - NEW YORK MERCANTILE EXCHANGE",2020-08-25 00:00:00,067651,2052448,421127,89342,148168,601366,367966,451737,1963581,1999851,88867,52597,331785,-453198,-83771,2020
GOLD - COMMODITY EXCHANGE INC.,2020-08-25 00:00:00,088691,549282,145055,58206,83785,257171,21545,114604,482897,528304,66385,20978,86849,-173386,-93059,2020
"CRUDE OIL, LIGHT SWEET - NEW YORK MERCANTILE EXCHANGE",2020-09-01 00:00:00,067651,2064137,422645,93057,146836,593185,358914,439801,1974937,2011258,89200,52879,329588,-446349,-80887,2020
GOLD - COMMODITY EXCHANGE INC.,2020-09-01 00:00:00,088691,547704,147175,49433,80332,259878,17887,115747,478353,524963,69351,22741,97742,-179546,-97860,2020
"CRUDE OIL, LIGHT SWEET - NEW YORK MERCANTILE EXCHANGE",2020-09-08 00:00:00,067651,2046660,381443,120324,150954,574048,364935,422023,1954536,1985352,92124,61308,261119,-423094,-57088,2020
GOLD - COMMODITY EXCHANGE INC.,2020-09-08 00:00:00,088691,557457,155528,51236,79781,259644,17766,118943,490172,534739,67285,22718,104292,-179863,-101177,2020
"CRUDE OIL, LIGHT SWEET - NEW YORK MERCANTILE EXCHANGE",2020-09-15 00:00:00,067651,2108987,401067,109201,150679,570478,392441,447489,2018148,2043251,90839,65736,291866,-419799,-55048,2020
GOLD - COMMODITY EXCHANGE INC.,2020-09-15 00:00:00,088691,578925,166571,55473,81024,264269,19681,121622,510388,554597,68537,24328,111098,-183245,-101941,2020
"CRUDE OIL, LIGHT SWEET - NEW YORK MERCANTILE EXCHANGE",2020-09-22 00:00:00,067651,2028620,412708,89492,146043,575979,358737,421500,1948033,1967963,80587,60657,323216,-429936,-62763,2020
GOLD - COMMODITY EXCHANGE INC.,2020-09-22 00:00:00,088691,575877,144670,63222,83669,257040,20734,113771,506207,553555,69670,22322,81448,-173371,-93037,2020
"CRUDE OIL, LIGHT SWEET - NEW YORK MERCANTILE EXCHANGE",2020-09-29 00:00:00,067651,2078331,401864,99406,148592,564256,365934,431472,1995203,2014494,83128,63837,302458,-415664,-65538,2020
GOLD - COMMODITY EXCHANGE INC.,2020-09-29 00:00:00,088691,562396,140320,45948,80681,270017,18095,114937,497840,540359,64556,22037,94372,-189336,-96842,2020
"CRUDE OIL, LIGHT SWEET - NEW YORK MERCANTILE EXCHANGE",2020-10-06 00:00:00,067651,2111762,403194,96499,150840,563185,381207,457226,2029080,2045908,82682,65854,306695,-412345,-76019,2020
GOLD - COMMODITY EXCHANGE INC.,2020-10-06 00:00:00,088691,555555,139350,44738,80604,271686,17090,114476,489033,528914,66522,26641,94612,-191082,-97386,2020
"CRUDE OIL, LIGHT SWEET - NEW YORK MERCANTILE EXCHANGE",2020-10-13 00:00:00,067651,2059382,386213,88174,151181,573221,374026,448901,1972201,1996319,87181,63063,298039,-422040,-74875,2020
GOLD - COMMODITY EXCHANGE INC.,2020-10-13 00:00:00,088691,553197,138169,56388,80511,264652,15637,116151,485425,529409,67772,23788,81781,-184141,-100514,2020
"CRUDE OIL, LIGHT SWEET - NEW YORK MERCANTILE EXCHANGE",2020-10-20 00:00:00,067651,2008815,409109,71572,150666,572500,342810,432093,1925909,1946678,82906,62137,337537,-421834,-89283,2020
GOLD - COMMODITY EXCHANGE INC.,2020-10-20 00:00:00,088691,562993,149108,58543,80534,273050,16306,117914,496999,541519,65994,21474,90565,-192516,-101608,2020
"CRUDE OIL, LIGHT SWEET - NEW YORK MERCANTILE EXCHANGE",2020-10-27 00:00:00,067651,2011744,396466,96127,150872,558072,338934,430538,1925404,1952118,86340,59626,300339,-407200,-91604,2020
GOLD - COMMODITY EXCHANGE INC.,2020-10-27 00:00:00,088691,560900,149140,47265,78297,280691,16885,110953,490122,537950,70778,22950,101875,-202394,-94068,2020
"CRUDE OIL, LIGHT SWEET - NEW YORK MERCANTILE EXCHANGE",2020-11-03 00:00:00,067651,2013491,370065,106626,161494,539373,345621,435300,1925482,1950580,88009,62911,263439,-377879,-89679,2020
GOLD - COMMODITY EXCHANGE INC.,2020-11-03 00:00:00,088691,544774,140094,49399,76841,273541,15422,108060,477948,524377,66826,20397,90695,-196700,-92638,2020
"CRUDE OIL, LIGHT SWEET - NEW YORK MERCANTILE EXCHANGE",2020-11-10 00:00:00,067651,2053450,370004,75663,167233,562994,367335,457067,1964676,1986631,88774,66819,294341,-395761,-89732,2020
GOLD - COMMODITY EXCHANGE INC.,2020-11-10 00:00:00,088691,547449,130105,50322,75840,266407,15986,108842,483202,526889,64247,20560,79783,-190567,-92856,2020
"CRUDE OIL, LIGHT SWEET - NEW YORK MERCANTILE EXCHANGE",2020-11-17 00:00:00,067651,2083804,383673,83845,153838,572834,382400,467440,1999324,2022549,84480,61255,299828,-418996,-85040,2020
GOLD - COMMODITY EXCHANGE INC.,2020-11-17 00:00:00,088691,557533,139550,49103,74682,271755,16015,113514,493232,536534,64301,20999,90447,-197073,-97499,2020
"CRUDE OIL, LIGHT SWEET - NEW YORK MERCANTILE EXCHANGE",2020-11-24 00:00:00,067651,2083018,402988,72886,151375,612878,370173,464456,1990096,2023243,92922,59775,330102,-461503,-94283,2020
GOLD - COMMODITY EXCHANGE INC.,2020-11-24 00:00:00,088691,555253,137503,52155,74823,264001,16425,112076,489863,530790,65390,24463,85348,-189178,-95651,2020
"CRUDE OIL, LIGHT SWEET - NEW YORK MERCANTILE EXCHANGE",2020-12-01 00:00:00,067651,2122605,406334,67800,151431,624306,385541,472661,2026552,2069382,96053,53223,338534,-472875,-87120,2020
GOLD - COMMODITY EXCHANGE INC.,2020-12-01 00:00:00,088691,538042,134446,48903,73475,265813,18504,119429,482603,515552,55439,22490,85543,-192338,-100925,2020
"CRUDE OIL, LIGHT SWEET - NEW YORK MERCANTILE EXCHANGE",2020-12-08 00:00:00,067651,2131913,406664,67302,153226,625990,410827,494538,2032710,2074556,99203,57357,339362,-472764,-83711,2020
GOLD - COMMODITY EXCHANGE INC.,2020-12-08 00:00:00,088691,549520,147844,49033,71031,268881,15367,118240,493768,525271,55752,24249,98811,-197850,-102873,2020
"CRUDE OIL, LIGHT SWEET - NEW YORK MERCANTILE EXCHANGE",2020-12-15 00:00:00,067651,2154618,405466,59849,152505,626205,433697,511935,2056853,2094987,97765,59631,345617,-473700,-78238,2020
GOLD - COMMODITY EXCHANGE INC.,2020-12-15 00:00:00,088691,550366,151901,50022,69353,271593,14192,118294,493287,528045,57079,22321,101879,-202240,-104102,2020
"CRUDE OIL, LIGHT SWEET - NEW YORK MERCANTILE EXCHANGE",2020-12-21 00:00:00,067651,2120797,396098,60329,152508,644034,397823,476874,2021844,2066719,98953,54078,335769,-491526,-79051,2020
GOLD - COMMODITY EXCHANGE INC.,2020-12-21 00:00:00,088691,560769,158194,50070,68376,275734,12636,120377,501989,538892,58780,21877,108124,-207358,-107741,2020
"CRUDE OIL, LIGHT SWEET - NEW YORK MERCANTILE EXCHANGE",2020-12-29 00:00:00,067651,2121502,393133,60770,154454,622271,397651,481784,2027559,2067778,93943,53724,332363,-467817,-84133,2020
GOLD - COMMODITY EXCHANGE INC.,2020-12-29 00:00:00,088691,556414,159673,50678,69183,270953,12327,117811,497688,536070,58726,20344,108995,-201770,-105484,2020
"CRUDE OIL, LIGHT SWEET - NEW YORK MERCANTILE EXCHANGE",2021-01-05 00:00:00,067651,2169541,407901,76702,151864,636507,401615,478823,2068680,2111882,100861,57659,331199,-484643,-77208,2021
GOLD - COMMODITY EXCHANGE INC.,2021-01-05 00:00:00,088691,568888,167096,50527,66849,282312,13307,118767,507158,548763,61730,20125,116569,-215463,-105460,2021
"CRUDE OIL, LIGHT SWEET - NEW YORK MERCANTILE EXCHANGE",2021-01-12 00:00:00,067651,2234696,421098,73054,151513,655831,435107,507713,2132198,2181405,102498,53291,348044,-504318,-72606,2021
GOLD - COMMODITY EXCHANGE INC.,2021-01-12 00:00:00,088691,555538,131057,52823,67748,259315,15210,113944,492732,536806,62806,18732,78234,-191567,-98734,2021
"CRUDE OIL, LIGHT SWEET - NEW YORK MERCANTILE EXCHANGE",2021-01-19 00:00:00,067651,2217037,414975,70266,156468,646163,420555,488561,2114746,2163863,102291,53174,344709,-489695,-68006,2021
GOLD - COMMODITY EXCHANGE INC.,2021-01-19 00:00:00,088691,541330,127161,49090,67123,253695,13477,114372,480599,521428,60731,19902,78071,-186572,-100895,2021
"CRUDE OIL, LIGHT SWEET - NEW YORK MERCANTILE EXCHANGE",2021-01-26 00:00:00,067651,2316660,414159,77918,159399,631906,448236,526780,2215924,2262363,100736,54297,336241,-472507,-78544,2021
GOLD - COMMODITY EXCHANGE INC.,2021-01-26 00:00:00,088691,534574,142815,46416,66964,263177,10278,113013,473606,515008,60968,19566,96399,-196213,-102735,2021
"CRUDE OIL, LIGHT SWEET - NEW YORK MERCANTILE EXCHANGE",2021-02-02 00:00:00,067651,2389677,422487,77254,161717,622351,502171,589744,2285627,2334660,104050,55017,345233,-460634,-87573,2021
GOLD - COMMODITY EXCHANGE INC.,2021-02-02 00:00:00,088691,520011,137062,49284,64507,258337,10760,114887,460560,501391,59451,18620,87778,-193830,-104127,2021
"CRUDE OIL, LIGHT SWEET - NEW YORK MERCANTILE EXCHANGE",2021-02-09 00:00:00,067651,2446808,436352,66871,158440,644924,536887,621435,2334702,2391476,112106,55332,369481,-486484,-84548,2021
GOLD - COMMODITY EXCHANGE INC.,2021-02-09 00:00:00,088691,506741,134733,47093,63984,253183,9490,112486,448700,489488,58041,17253,87640,-189199,-102996,2021
"CRUDE OIL, LIGHT SWEET - NEW YORK MERCANTILE EXCHANGE",2021-02-16 00:00:00,067651,2507620,434675,55703,159342,656133,573177,651170,2396390,2456461,111230,51159,378972,-496791,-77993,2021
GOLD - COMMODITY EXCHANGE INC.,2021-02-16 00:00:00,088691,503016,125997,58041,64698,239943,11567,111400,443876,483985,59140,19031,67956,-175245,-99833,2021
"CRUDE OIL, LIGHT SWEET - NEW YORK MERCANTILE EXCHANGE",2021-02-23 00:00:00,067651,2460204,423837,59607,164785,662188,556817,629238,2355501,2413485,104703,46719,364230,-497403,-72421,2021
GOLD - COMMODITY EXCHANGE INC.,2021-02-23 00:00:00,088691,481125,125124,56001,64009,222668,10658,103728,425402,461398,55723,19727,69123,-158659,-93070,2021
"CRUDE OIL, LIGHT SWEET - NEW YORK MERCANTILE EXCHANGE",2021-03-02 00:00:00,067651,2491831,430087,66696,163498,659303,542417,624448,2383682,2442499,108149,49332,363391,-495805,-82031,2021
GOLD - COMMODITY EXCHANGE INC.,2021-03-02 00:00:00,088691,467008,106608,60648,63300,198608,12025,98920,413598,446163,53410,20845,45960,-135308,-86895,2021
"CRUDE OIL, LIGHT SWEET - NEW YORK MERCANTILE EXCHANGE",2021-03-09 00:00:00,067651,2494636,420512,56366,161232,678569,541011,618305,2381483,2438676,113153,55960,364146,-517337,-77294,2021
GOLD - COMMODITY EXCHANGE INC.,2021-03-09 00:00:00,088691,473871,96223,66793,63924,190125,14579,96258,419355,452072,54516,21799,29430,-126201,-81679,2021
"CRUDE OIL, LIGHT SWEET - NEW YORK MERCANTILE EXCHANGE",2021-03-16 00:00:00,067651,2523179,417412,54979,165324,672228,549736,622032,2414895,2468653,108284,54526,362433,-506904,-72296,2021
GOLD - COMMODITY EXCHANGE INC.,2021-03-16 00:00:00,088691,476467,100669,59548,64465,194866,15152,94226,425891,455170,50576,21297,41121,-130401,-79074,2021
"CRUDE OIL, LIGHT SWEET - NEW YORK MERCANTILE EXCHANGE",2021-03-23 00:00:00,067651,2321767,408942,55578,168098,668691,495497,572660,2215081,2269782,106686,51985,353364,-500593,-77163,2021
GOLD - COMMODITY EXCHANGE INC.,2021-03-23 00:00:00,088691,485457,107941,64420,63078,187308,15470,93043,435400,463136,50057,22321,43521,-124230,-77573,2021
"CRUDE OIL, LIGHT SWEET - NEW YORK MERCANTILE EXCHANGE",2021-03-30 00:00:00,067651,2327016,400868,44950,167592,661770,483408,568423,2226583,2274466,100433,52550,355918,-494178,-85015,2021
GOLD - COMMODITY EXCHANGE INC.,2021-03-30 00:00:00,088691,467321,113009,69936,63726,184564,16441,89329,418341,444539,48980,22782,43073,-120838,-72888,2021
"CRUDE OIL, LIGHT SWEET - NEW YORK MERCANTILE EXCHANGE",2021-04-06 00:00:00,067651,2340357,377544,43151,163513,633780,501750,594957,2237587,2289336,102770,51021,334393,-470267,-93207,2021
GOLD - COMMODITY EXCHANGE INC.,2021-04-06 00:00:00,088691,463353,121563,55091,65739,201927,11916,90527,417052,442342,46301,21011,66472,-136188,-78611,2021
"CRUDE OIL, LIGHT SWEET - NEW YORK MERCANTILE EXCHANGE",2021-04-13 00:00:00,067651,2301831,390723,47132,165898,624763,547213,633036,2195476,2247486,106355,54345,343591,-458865,-85823,2021
GOLD - COMMODITY EXCHANGE INC.,2021-04-13 00:00:00,088691,460733,112070,58263,67517,201253,11585,86637,412560,440474,48173,20259,53807,-133736,-75052,2021
"CRUDE OIL, LIGHT SWEET - NEW YORK MERCANTILE EXCHANGE",2021-04-20 00:00:00,067651,2346793,395792,58051,165315,628543,568341,653987,2243988,2292879,102805,53914,337741,-463228,-85646,2021
GOLD - COMMODITY EXCHANGE INC.,2021-04-20 00:00:00,088691,471738,116843,60419,67853,205281,11755,87520,421365,453060,50373,18678,56424,-137428,-75765,2021
"CRUDE OIL, LIGHT SWEET - NEW YORK MERCANTILE EXCHANGE",2021-04-27 00:00:00,067651,2353470,397664,52727,167305,608872,567816,668390,2248581,2301011,104889,52459,344937,-441567,-100574,2021
GOLD - COMMODITY EXCHANGE INC.,2021-04-27 00:00:00,088691,473305,117144,66493,69531,204982,11542,83268,419106,455664,54199,17641,50651,-135451,-71726,2021
"CRUDE OIL, LIGHT SWEET - NEW YORK MERCANTILE EXCHANGE",2021-05-04 00:00:00,067651,2419641,409731,54415,169575,615106,561621,672560,2307288,2363745,112353,55896,355316,-445531,-110939,2021
GOLD - COMMODITY EXCHANGE INC.,2021-05-04 00:00:00,088691,470341,117434,63809,68469,203149,11043,78286,419215,450397,51126,19944,53625,-134680,-67243,2021
"CRUDE OIL, LIGHT SWEET - NEW YORK MERCANTILE EXCHANGE",2021-05-11 00:00:00,067651,2444466,390384,59364,171173,610785,566426,683665,2334670,2394960,109796,49506,331020,-439612,-117239,2021
GOLD - COMMODITY EXCHANGE INC.,2021-05-11 00:00:00,088691,498693,131295,49680,67146,223439,16359,87150,444293,479122,54400,19571,81615,-156293,-70791,2021
"CRUDE OIL, LIGHT SWEET - NEW YORK MERCANTILE EXCHANGE",2021-05-18 00:00:00,067651,2458804,370034,55200,170105,623238,605715,685111,2356432,2413014,102372,45790,314834,-453133,-79396,2021
GOLD - COMMODITY EXCHANGE INC.,2021-05-18 00:00:00,088691,520410,141776,49786,67198,234935,18969,84133,465264,499276,55146,21134,91990,-167737,-65164,2021
"CRUDE OIL, LIGHT SWEET - NEW YORK MERCANTILE EXCHANGE",2021-05-25 00:00:00,067651,2426045,387043,60769,170889,612285,571461,654605,2325344,2374394,100701,51651,326274,-441396,-83144,2021
GOLD - COMMODITY EXCHANGE INC.,2021-05-25 00:00:00,088691,510164,143862,36607,68215,240624,12526,90986,450653,486880,59511,23284,107255,-172409,-78460,2021
"CRUDE OIL, LIGHT SWEET - NEW YORK MERCANTILE EXCHANGE",2021-06-01 00:00:00,067651,2507073,403072,57026,170104,620704,592616,688608,2397240,2452535,109833,54538,346046,-450600,-95992,2021
GOLD - COMMODITY EXCHANGE INC.,2021-06-01 00:00:00,088691,489198,147270,37297,64564,242936,11017,80820,435892,470366,53306,18832,109973,-178372,-69803,2021
"CRUDE OIL, LIGHT SWEET - NEW YORK MERCANTILE EXCHANGE",2021-06-08 00:00:00,067651,2511533,416686,45277,165655,631107,594436,689937,2394594,2445048,116939,66485,371409,-465452,-95501,2021
GOLD - COMMODITY EXCHANGE INC.,2021-06-08 00:00:00,088691,491858,145037,37373,63894,243644,13828,78884,438029,473448,53829,18410,107664,-179750,-65056,2021
"CRUDE OIL, LIGHT SWEET - NEW YORK MERCANTILE EXCHANGE",2021-06-15 00:00:00,067651,2474859,418130,35519,165199,633977,592244,695366,2364847,2412791,110012,62068,382611,-468778,-103122,2021
GOLD - COMMODITY EXCHANGE INC.,2021-06-15 00:00:00,088691,480127,138546,41754,65057,232142,15205,79346,423807,462997,56320,17130,96792,-167085,-64141,2021
"CRUDE OIL, LIGHT SWEET - NEW YORK MERCANTILE EXCHANGE",2021-06-22 00:00:00,067651,2348317,423778,49381,162577,628653,485976,594338,2245717,2293994,102600,54323,374397,-466076,-108362,2021
GOLD - COMMODITY EXCHANGE INC.,2021-06-22 00:00:00,088691,453940,110038,47502,66653,212825,14480,70690,400788,436956,53152,16984,62536,-146172,-56210,2021
"CRUDE OIL, LIGHT SWEET - NEW YORK MERCANTILE EXCHANGE",2021-06-29 00:00:00,067651,2369631,409136,53033,164972,628684,509690,622062,2264480,2318074,105151,51557,356103,-463712,-112372,2021
GOLD - COMMODITY EXCHANGE INC.,2021-06-29 00:00:00,088691,453360,115438,54056,67200,207865,14517,68972,402312,435206,51048,18154,61382,-140665,-54455,2021
"CRUDE OIL, LIGHT SWEET - NEW YORK MERCANTILE EXCHANGE",2021-07-06 00:00:00,067651,2413946,379903,54024,164712,622357,544235,637952,2302994,2357005,110952,56941,325879,-457645,-93717,2021
GOLD - COMMODITY EXCHANGE INC.,2021-07-06 00:00:00,088691,465811,131218,53258,66765,220641,14158,75008,415883,447788,49928,18023,77960,-153876,-60850,2021
"CRUDE OIL, LIGHT SWEET - NEW YORK MERCANTILE EXCHANGE",2021-07-13 00:00:00,067651,2413536,385078,56135,161991,621041,548553,637058,2304755,2353214,108781,60322,328943,-459050,-88505,2021
GOLD - COMMODITY EXCHANGE INC.,2021-07-13 00:00:00,088691,495798,135938,49647,66111,225970,14757,75926,445719,475911,50079,19887,86291,-159859,-61169,2021
"CRUDE OIL, LIGHT SWEET - NEW YORK MERCANTILE EXCHANGE",2021-07-20 00:00:00,067651,2243475,343853,63502,163960,615695,481310,530111,2140526,2192322,102949,51153,280351,-451735,-48801,2021
GOLD - COMMODITY EXCHANGE INC.,2021-07-20 00:00:00,088691,490520,135163,44735,67561,232279,14367,78197,441320,473896,49200,16624,90428,-164718,-63830,2021
"CRUDE OIL, LIGHT SWEET - NEW YORK MERCANTILE EXCHANGE",2021-07-27 00:00:00,067651,2326985,353278,75668,161734,608506,557350,598467,2235742,2273867,91243,53118,277610,-446772,-41117,2021
GOLD - COMMODITY EXCHANGE INC.,2021-07-27 00:00:00,088691,500187,131635,41405,67644,240172,13874,70160,452107,481533,48080,18654,90230,-172528,-56286,2021
"CRUDE OIL, LIGHT SWEET - NEW YORK MERCANTILE EXCHANGE",2021-08-03 00:00:00,067651,2313202,337498,77258,159512,603770,542087,572187,2218946,2262777,94256,50425,260240,-444258,-30100,2021
GOLD - COMMODITY EXCHANGE INC.,2021-08-03 00:00:00,088691,485663,132920,43047,73284,248169,17427,73826,434072,469021,51591,16642,89873,-174885,-56399,2021
"CRUDE OIL, LIGHT SWEET - NEW YORK MERCANTILE EXCHANGE",2021-08-10 00:00:00,067651,2194794,325266,77724,156083,594029,488855,497428,2098525,2144631,96269,50163,247542,-437946,-8573,2021
GOLD - COMMODITY EXCHANGE INC.,2021-08-10 00:00:00,088691,477232,111892,76489,72207,220217,15344,62975,429747,456982,47485,20250,35403,-148010,-47631,2021
"CRUDE OIL, LIGHT SWEET - NEW YORK MERCANTILE EXCHANGE",2021-08-17 00:00:00,067651,2135698,321982,72807,156553,600589,461657,464875,2044669,2087600,91029,48098,249175,-444036,-3218,2021
GOLD - COMMODITY EXCHANGE INC.,2021-08-17 00:00:00,088691,485485,117272,58194,73900,236064,14549,66385,441170,463628,44315,21857,59078,-162164,-51836,2021
"CRUDE OIL, LIGHT SWEET - NEW YORK MERCANTILE EXCHANGE",2021-08-24 00:00:00,067651,2042879,318887,78759,157011,590155,440575,415453,1957140,1990850,85739,52029,240128,-433144,25122,2021
GOLD - COMMODITY EXCHANGE INC.,2021-08-24 00:00:00,088691,504735,126636,51192,73832,253344,14405,69571,460218,484243,44517,20492,75444,-179512,-55166,2021
"CRUDE OIL, LIGHT SWEET - NEW YORK MERCANTILE EXCHANGE",2021-08-31 00:00:00,067651,2074185,319625,80681,158397,578930,470678,444458,1984896,2022681,89289,51504,238944,-420533,26220,2021
GOLD - COMMODITY EXCHANGE INC.,2021-08-31 00:00:00,088691,507113,136555,54878,72573,260344,13580,66321,463599,487561,43514,19552,81677,-187771,-52741,2021
"CRUDE OIL, LIGHT SWEET - NEW YORK MERCANTILE EXCHANGE",2021-09-07 00:00:00,067651,2107706,316871,81414,154828,579906,505803,471976,2015187,2057280,92519,50426,235457,-425078,33827,2021
GOLD - COMMODITY EXCHANGE INC.,2021-09-07 00:00:00,088691,506772,129044,61449,72865,256098,14223,66798,457558,487327,49214,19445,67595,-183233,-52575,2021
"CRUDE OIL, LIGHT SWEET - NEW YORK MERCANTILE EXCHANGE",2021-09-14 00:00:00,067651,2145165,329804,71573,152166,587490,534461,496325,2051609,2093733,93556,51432,258231,-435324,38136,2021
GOLD - COMMODITY EXCHANGE INC.,2021-09-14 00:00:00,088691,506356,130837,59615,72791,253005,13149,67186,459259,485750,47097,20606,71222,-180214,-54037,2021
"CRUDE OIL, LIGHT SWEET - NEW YORK MERCANTILE EXCHANGE",2021-09-21 00:00:00,067651,2101558,325231,79421,150419,588373,484013,442239,2010842,2051044,90716,50514,245810,-437954,41774,2021
GOLD - COMMODITY EXCHANGE INC.,2021-09-21 00:00:00,088691,492765,119777,72933,72105,237936,15089,61902,447129,472126,45636,20639,46844,-165831,-46813,2021
"CRUDE OIL, LIGHT SWEET - NEW YORK MERCANTILE EXCHANGE",2021-09-28 00:00:00,067651,2175199,339873,81956,145006,592843,494736,465779,2075522,2120588,99677,54611,257917,-447837,28957,2021
GOLD - COMMODITY EXCHANGE INC.,2021-09-28 00:00:00,088691,490858,118923,88062,72672,220963,18460,60320,446037,467789,44821,23069,30861,-148291,-41860,2021
"CRUDE OIL, LIGHT SWEET - NEW YORK MERCANTILE EXCHANGE",2021-10-05 00:00:00,067651,2230794,353154,75048,140322,602951,476106,456736,2127553,2172505,103241,58289,278106,-462629,19370,2021
GOLD - COMMODITY EXCHANGE INC.,2021-10-05 00:00:00,088691,483789,126745,72579,77225,238119,14867,57675,439772,460892,44017,22897,54166,-160894,-42808,2021
"CRUDE OIL, LIGHT SWEET - NEW YORK MERCANTILE EXCHANGE",2021-10-12 00:00:00,067651,2231227,366395,72247,132825,599598,483027,469938,2125951,2174859,105276,56368,294148,-466773,13089,2021
GOLD - COMMODITY EXCHANGE INC.,2021-10-12 00:00:00,088691,484382,131668,73149,77500,237274,14259,62099,440563,462638,43819,21744,58519,-159774,-47840,2021
"CRUDE OIL, LIGHT SWEET - NEW YORK MERCANTILE EXCHANGE",2021-10-19 00:00:00,067651,2205089,362657,61183,133299,611942,457084,451622,2107466,2151053,97623,54036,301474,-478643,5462,2021
GOLD - COMMODITY EXCHANGE INC.,2021-10-19 00:00:00,088691,485974,124560,66761,76694,245232,12474,63126,439780,465621,46194,20353,57799,-168538,-50652,2021
"CRUDE OIL, LIGHT SWEET - NEW YORK MERCANTILE EXCHANGE",2021-10-26 00:00:00,067651,2144359,347075,55467,133039,602235,439651,442867,2043400,2092094,100959,52265,291608,-469196,-3216,2021
GOLD - COMMODITY EXCHANGE INC.,2021-10-26 00:00:00,088691,509794,141280,54918,72885,261444,13505,64600,462087,487181,47707,22613,86362,-188559,-51095,2021
"CRUDE OIL, LIGHT SWEET - NEW YORK MERCANTILE EXCHANGE",2021-11-02 00:00:00,067651,2121461,336559,58742,134875,597158,445551,444784,2026925,2069148,94536,52313,277817,-462283,767,2021
GOLD - COMMODITY EXCHANGE INC.,2021-11-02 00:00:00,088691,507616,136944,51705,71365,258921,13986,66307,461680,486428,45936,21188,85239,-187556,-52321,2021
"CRUDE OIL, LIGHT SWEET - NEW YORK MERCANTILE EXCHANGE",2021-11-09 00:00:00,067651,2081385,348456,52223,131876,599995,448861,442706,1985630,2026282,95755,55103,296233,-468119,6155,2021
GOLD - COMMODITY EXCHANGE INC.,2021-11-09 00:00:00,088691,571025,168133,42523,68244,284933,17412,76212,520931,546239,50094,24786,125610,-216689,-58800,2021
"CRUDE OIL, LIGHT SWEET - NEW YORK MERCANTILE EXCHANGE",2021-11-16 00:00:00,067651,2057633,312775,41028,135257,620194,453849,439236,1953911,2008450,103722,49183,271747,-484937,14613,2021
GOLD - COMMODITY EXCHANGE INC.,2021-11-16 00:00:00,088691,612612,185468,43083,68512,287857,17998,86192,560558,588317,52054,24295,142385,-219345,-68194,2021
"CRUDE OIL, LIGHT SWEET - NEW YORK MERCANTILE EXCHANGE",2021-11-23 00:00:00,067651,2028573,316079,47739,131609,598539,465906,453941,1931960,1979268,96613,49305,268340,-466930,11965,2021
GOLD - COMMODITY EXCHANGE INC.,2021-11-23 00:00:00,088691,559823,152273,46934,67987,267295,14322,82848,504443,537866,55380,21957,105339,-199308,-68526,2021
"CRUDE OIL, LIGHT SWEET - NEW YORK MERCANTILE EXCHANGE",2021-11-30 00:00:00,067651,2033286,301458,67752,129641,580444,459102,441184,1918738,1964389,114548,68897,233706,-450803,17918,2021
GOLD - COMMODITY EXCHANGE INC.,2021-11-30 00:00:00,088691,531868,137469,45384,70183,274963,13584,67407,480211,512954,51657,18914,92085,-204780,-53823,2021
"CRUDE OIL, LIGHT SWEET - NEW YORK MERCANTILE EXCHANGE",2021-12-07 00:00:00,067651,1972536,296637,70144,126276,565272,478802,440237,1889956,1923155,82580,49381,226493,-438996,38565,2021
GOLD - COMMODITY EXCHANGE INC.,2021-12-07 00:00:00,088691,499307,125067,44326,76290,267766,11713,65860,451949,480387,47358,18920,80741,-191476,-54147,2021
"CRUDE OIL, LIGHT SWEET - NEW YORK MERCANTILE EXCHANGE",2021-12-14 00:00:00,067651,1953397,288931,77077,123160,559932,496021,444776,1865965,1904355,87432,49042,211854,-436772,51245,2021
GOLD - COMMODITY EXCHANGE INC.,2021-12-14 00:00:00,088691,503709,121492,58075,76488,256376,11823,63346,455012,484022,48697,19687,63417,-179888,-51523,2021
"CRUDE OIL, LIGHT SWEET - NEW YORK MERCANTILE EXCHANGE",2021-12-21 00:00:00,067651,1892701,292183,75270,119727,554483,500300,441360,1809646,1845207,83055,47494,216913,-434756,58940,2021
GOLD - COMMODITY EXCHANGE INC.,2021-12-21 00:00:00,088691,500846,124120,52372,74493,254729,11693,67486,451595,481813,49251,19033,71748,-180236,-55793,2021
"CRUDE OIL, LIGHT SWEET - NEW YORK MERCANTILE EXCHANGE",2021-12-28 00:00:00,067651,1867339,298738,64865,118591,550547,470122,411258,1781948,1816611,85391,50728,233873,-431956,58864,2021
GOLD - COMMODITY EXCHANGE INC.,2021-12-28 00:00:00,088691,508912,130389,46726,74017,261528,11047,69200,457791,490299,51121,18613,83663,-187511,-58153,2021
"CRUDE OIL, LIGHT SWEET - NEW YORK MERCANTILE EXCHANGE",2022-01-04 00:00:00,067651,1887131,298199,64844,118415,542255,479021,425137,1799201,1836332,87930,50799,233355,-423840,53884,2022
GOLD - COMMODITY EXCHANGE INC.,2022-01-04 00:00:00,088691,502717,124252,44744,74428,258411,11574,65049,457317,483420,45400,19297,79508,-183983,-53475,2022
"CRUDE OIL, LIGHT SWEET - NEW YORK MERCANTILE EXCHANGE",2022-01-11 00:00:00,067651,1966615,309691,51037,114530,564533,512515,459452,1875261,1911696,91354,54919,258654,-450003,53063,2022
GOLD - COMMODITY EXCHANGE INC.,2022-01-11 00:00:00,088691,546516,119297,44987,81976,256343,15004,65710,498193,523529,48323,22987,74310,-174367,-50706,2022
"CRUDE OIL, LIGHT SWEET - NEW YORK MERCANTILE EXCHANGE",2022-01-18 00:00:00,067651,2059564,324378,44867,110993,590643,550840,498242,1956875,1998146,102689,61418,279511,-479650,52598,2022
GOLD - COMMODITY EXCHANGE INC.,2022-01-18 00:00:00,088691,539204,119807,48014,87223,257329,19188,70150,492226,519087,46978,20117,71793,-170106,-50962,2022
"CRUDE OIL, LIGHT SWEET - NEW YORK MERCANTILE EXCHANGE",2022-01-25 00:00:00,067651,2095994,308832,44978,109650,583049,531320,478567,1997744,2044975,98250,51019,263854,-473399,52753,2022
GOLD - COMMODITY EXCHANGE INC.,2022-01-25 00:00:00,088691,572078,140640,39265,86207,270183,13494,79264,521409,551004,50669,21074,101375,-183976,-65770,2022
"CRUDE OIL, LIGHT SWEET - NEW YORK MERCANTILE EXCHANGE",2022-02-01 00:00:00,067651,2093735,312271,43136,107420,572034,490091,440135,1993988,2039742,99747,53993,269135,-464614,49956,2022
GOLD - COMMODITY EXCHANGE INC.,2022-02-01 00:00:00,088691,515331,108309,58395,95639,244648,13294,65627,468512,497712,46819,17619,49914,-149009,-52333,2022
WTI-PHYSICAL - NEW YORK MERCANTILE EXCHANGE,2022-02-08 00:00:00,067651,2170681,306282,45638,106698,577999,530335,471178,2064887,2113648,105794,57033,260644,-471301,59157,2022
GOLD - COMMODITY EXCHANGE INC.,2022-02-08 00:00:00,088691,512842,117234,47767,97101,255044,12653,66144,467973,492701,44869,20141,69467,-157943,-53491,2022
WTI-PHYSICAL - NEW YORK MERCANTILE EXCHANGE,2022-02-15 00:00:00,067651,2122758,291400,37945,107784,570473,523826,453137,2020022,2063929,102736,58829,253455,-462689,70689,2022
GOLD - COMMODITY EXCHANGE INC.,2022-02-15 00:00:00,088691,558645,151530,43824,97299,272492,13840,77522,511956,537218,46689,21427,107706,-175193,-63682,2022
WTI-PHYSICAL - NEW YORK MERCANTILE EXCHANGE,2022-02-22 00:00:00,067651,2058132,278790,45553,116017,581988,506461,423381,1957145,2000995,100987,57137,233237,-465971,83080,2022
GOLD - COMMODITY EXCHANGE INC.,2022-02-22 00:00:00,088691,611488,183356,44380,97911,296722,14747,85658,562398,588972,49090,22516,138976,-198811,-70911,2022
WTI-PHYSICAL - NEW YORK MERCANTILE EXCHANGE,2022-03-01 00:00:00,067651,2028476,287396,43119,115382,609076,496834,414095,1928908,1971200,99568,57276,244277,-493694,82739,2022
GOLD - COMMODITY EXCHANGE INC.,2022-03-01 00:00:00,088691,615600,187215,38594,95700,305695,18689,94503,565334,593521,50266,22079,148621,-209995,-75814,2022
WTI-PHYSICAL - NEW YORK MERCANTILE EXCHANGE,2022-03-08 00:00:00,067651,1896974,276775,41938,114225,608529,472550,387055,1797207,1844351,99767,52623,234837,-494304,85495,2022
GOLD - COMMODITY EXCHANGE INC.,2022-03-08 00:00:00,088691,638502,181510,38537,100587,331456,23736,99813,582538,615096,55964,23406,142973,-230869,-76077,2022
WTI-PHYSICAL - NEW YORK MERCANTILE EXCHANGE,2022-03-15 00:00:00,067651,1850794,266577,42926,111101,595578,474989,373114,1766964,1807751,83830,43043,223651,-484477,101875,2022
GOLD - COMMODITY EXCHANGE INC.,2022-03-15 00:00:00,088691,617605,165597,39060,96765,326768,26287,93725,563275,598928,54330,18677,126537,-230003,-67438,2022
WTI-PHYSICAL - NEW YORK MERCANTILE EXCHANGE,2022-03-22 00:00:00,067651,1788211,261939,45315,114820,587742,431351,338509,1705705,1745816,82506,42395,216624,-472922,92842,2022
GOLD - COMMODITY EXCHANGE INC.,2022-03-22 00:00:00,088691,605191,152589,37457,103016,319698,28886,93799,551750,585313,53441,19878,115132,-216682,-64913,2022
WTI-PHYSICAL - NEW YORK MERCANTILE EXCHANGE,2022-03-29 00:00:00,067651,1795929,256790,44756,116711,565547,431038,342364,1710162,1751593,85767,44336,212034,-448836,88674,2022
GOLD - COMMODITY EXCHANGE INC.,2022-03-29 00:00:00,088691,574521,146486,38184,89623,323634,18389,70315,525499,553840,49022,20681,108302,-234011,-51926,2022
WTI-PHYSICAL - NEW YORK MERCANTILE EXCHANGE,2022-04-05 00:00:00,067651,1823366,250332,44737,113169,557645,453763,364722,1731576,1778417,91790,44949,205595,-444476,89041,2022
GOLD - COMMODITY EXCHANGE INC.,2022-04-05 00:00:00,088691,560666,148320,46693,87989,314403,18989,71333,508888,542105,51778,18561,101627,-226414,-52344,2022
WTI-PHYSICAL - NEW YORK MERCANTILE EXCHANGE,2022-04-12 00:00:00,067651,1783725,255201,47884,112982,551879,466333,378039,1690129,1735954,93596,47771,207317,-438897,88294,2022
GOLD - COMMODITY EXCHANGE INC.,2022-04-12 00:00:00,088691,577639,165244,48219,88326,324690,20272,72001,522375,556181,55264,21458,117025,-236364,-51729,2022
WTI-PHYSICAL - NEW YORK MERCANTILE EXCHANGE,2022-04-19 00:00:00,067651,1740300,254661,47877,111577,556872,443010,348967,1648610,1692165,91690,48135,206784,-445295,94043,2022
GOLD - COMMODITY EXCHANGE INC.,2022-04-19 00:00:00,088691,575202,157560,56294,89457,315033,22596,72545,520170,555938,55032,19264,101266,-225576,-49949,2022
WTI-PHYSICAL - NEW YORK MERCANTILE EXCHANGE,2022-04-26 00:00:00,067651,1733586,258898,37947,110172,542800,416374,342067,1647005,1689263,86581,44323,220951,-432628,74307,2022
GOLD - COMMODITY EXCHANGE INC.,2022-04-26 00:00:00,088691,557785,138215,57098,90532,295653,22665,66838,506847,538117,50938,19668,81117,-205121,-44173,2022
WTI-PHYSICAL - NEW YORK MERCANTILE EXCHANGE,2022-05-03 00:00:00,067651,1751564,261383,36857,109003,534208,398609,339617,1661193,1705705,90371,45859,224526,-425205,58992,2022
GOLD - COMMODITY EXCHANGE INC.,2022-05-03 00:00:00,088691,560441,128828,60981,92223,283894,23431,63612,509171,541855,51270,18586,67847,-191671,-40181,2022
WTI-PHYSICAL - NEW YORK MERCANTILE EXCHANGE,2022-05-10 00:00:00,067651,1736594,262116,40015,69509,486255,423269,361002,1645905,1689581,90689,47013,222101,-416746,62267,2022
GOLD - COMMODITY EXCHANGE INC.,2022-05-10 00:00:00,088691,571447,123931,61939,89722,274577,22242,65143,519349,553790,52098,17657,61992,-184855,-42901,2022
WTI-PHYSICAL - NEW YORK MERCANTILE EXCHANGE,2022-05-17 00:00:00,067651,1730665,291322,27474,66292,490544,430134,369751,1642259,1680491,88406,50174,263848,-424252,60383,2022
GOLD - COMMODITY EXCHANGE INC.,2022-05-17 00:00:00,088691,555756,115572,72212,89655,258977,24468,62025,505168,536687,50588,19069,43360,-169322,-37557,2022
WTI-PHYSICAL - NEW YORK MERCANTILE EXCHANGE,2022-05-24 00:00:00,067651,1711863,287463,29804,67703,498322,413302,357310,1625772,1665638,86091,46225,257659,-430619,55992,2022
GOLD - COMMODITY EXCHANGE INC.,2022-05-24 00:00:00,088691,530098,121174,60117,88932,258869,21184,63194,482687,510821,47411,19277,61057,-169937,-42010,2022
WTI-PHYSICAL - NEW YORK MERCANTILE EXCHANGE,2022-05-31 00:00:00,067651,1787928,291899,26192,66411,493287,448574,395459,1698728,1739513,89200,48415,265707,-426876,53115,2022
GOLD - COMMODITY EXCHANGE INC.,2022-05-31 00:00:00,088691,513722,112731,61938,87433,242190,19970,65269,467083,494550,46639,19172,50793,-154757,-45299,2022
WTI-PHYSICAL - NEW YORK MERCANTILE EXCHANGE,2022-06-07 00:00:00,067651,1790618,290174,26693,65128,480070,444909,399000,1698117,1738894,92501,51724,263481,-414942,45909,2022
GOLD - COMMODITY EXCHANGE INC.,2022-06-07 00:00:00,088691,494130,115215,57684,83943,239287,16570,61112,450040,474658,44090,19472,57531,-155344,-44542,2022
WTI-PHYSICAL - NEW YORK MERCANTILE EXCHANGE,2022-06-14 00:00:00,067651,1715674,282212,32372,68872,466467,431209,375268,1625198,1663906,90476,51768,249840,-397595,55941,2022
GOLD - COMMODITY EXCHANGE INC.,2022-06-14 00:00:00,088691,497456,109111,72206,90077,227591,14920,55975,451730,475701,45726,21755,36905,-137514,-41055,2022
WTI-PHYSICAL - NEW YORK MERCANTILE EXCHANGE,2022-06-21 00:00:00,067651,1658636,254988,38635,68118,461958,429523,359598,1571968,1606381,86668,52255,216353,-393840,69925,2022
GOLD - COMMODITY EXCHANGE INC.,2022-06-21 00:00:00,088691,500276,113220,63417,89736,232476,13019,57208,455896,479538,44380,20738,49803,-142740,-44189,2022
WTI-PHYSICAL - NEW YORK MERCANTILE EXCHANGE,2022-06-28 00:00:00,067651,1651566,261002,35253,64298,458167,431834,365903,1570686,1598932,80880,52634,225749,-393869,65931,2022
GOLD - COMMODITY EXCHANGE INC.,2022-06-28 00:00:00,088691,497005,110850,74748,88706,226926,13971,57758,452182,476496,44823,20509,36102,-138220,-43787,2022
WTI-PHYSICAL - NEW YORK MERCANTILE EXCHANGE,2022-07-05 00:00:00,067651,1637862,245861,54159,62307,441112,421693,347105,1556304,1579998,81558,57864,191702,-378805,74588,2022
GOLD - COMMODITY EXCHANGE INC.,2022-07-05 00:00:00,088691,498210,103472,86438,88196,215291,15404,53894,454277,474202,43933,24008,17034,-127095,-38490,2022
WTI-PHYSICAL - NEW YORK MERCANTILE EXCHANGE,2022-07-12 00:00:00,067651,1612803,244944,44449,62094,431569,409724,334775,1530280,1556478,82523,56325,200495,-369475,74949,2022
GOLD - COMMODITY EXCHANGE INC.,2022-07-12 00:00:00,088691,542493,91669,97802,88915,198634,18149,46218,489910,509577,52583,32916,-6133,-109719,-28069,2022
WTI-PHYSICAL - NEW YORK MERCANTILE EXCHANGE,2022-07-19 00:00:00,067651,1577616,253328,41916,59144,430313,409110,331630,1504134,1526732,73482,50884,211412,-371169,77480,2022
GOLD - COMMODITY EXCHANGE INC.,2022-07-19 00:00:00,088691,524786,91056,109794,91690,178909,21601,46644,481492,498799,43294,25987,-18738,-87219,-25043,2022
WTI-PHYSICAL - NEW YORK MERCANTILE EXCHANGE,2022-07-26 00:00:00,067651,1597451,243710,43534,62526,421664,418296,342647,1517556,1541785,79895,55666,200176,-359138,75649,2022
GOLD - COMMODITY EXCHANGE INC.,2022-07-26 00:00:00,088691,487515,92216,111309,90911,174168,16057,41222,444694,460426,42821,27089,-19093,-83257,-25165,2022
WTI-PHYSICAL - NEW YORK MERCANTILE EXCHANGE,2022-08-02 00:00:00,067651,1606910,224177,45634,62669,420408,434640,349767,1532554,1551668,74356,55242,178543,-357739,84873,2022
GOLD - COMMODITY EXCHANGE INC.,2022-08-02 00:00:00,088691,459649,96634,80779,87907,193085,13831,44218,422168,433407,37481,26242,15855,-105178,-30387,2022
WTI-PHYSICAL - NEW YORK MERCANTILE EXCHANGE,2022-08-09 00:00:00,067651,1570131,207962,58045,63934,407876,466254,360385,1493136,1520558,76995,49573,149917,-343942,105869,2022
GOLD - COMMODITY EXCHANGE INC.,2022-08-09 00:00:00,088691,453540,100013,59279,83302,201395,12940,49401,415613,427316,37927,26224,40734,-118093,-36461,2022
WTI-PHYSICAL - NEW YORK MERCANTILE EXCHANGE,2022-08-16 00:00:00,067651,1557349,203553,68235,66594,403462,463128,365551,1478634,1502985,78715,54364,135318,-336868,97577,2022
GOLD - COMMODITY EXCHANGE INC.,2022-08-16 00:00:00,088691,453960,96765,60392,82580,201765,14278,48802,416134,428679,37826,25281,36373,-119185,-34524,2022
WTI-PHYSICAL - NEW YORK MERCANTILE EXCHANGE,2022-08-23 00:00:00,067651,1503506,203267,42940,59989,422851,433367,338761,1430178,1452214,73328,51292,160327,-362862,94606,2022
GOLD - COMMODITY EXCHANGE INC.,2022-08-23 00:00:00,088691,457762,95850,73739,84037,189922,14957,47144,419470,431695,38292,26067,22111,-105885,-32187,2022
WTI-PHYSICAL - NEW YORK MERCANTILE EXCHANGE,2022-08-30 00:00:00,067651,1470207,200782,53127,62190,407241,413829,325026,1392847,1419906,77360,50301,147655,-345051,88803,2022
GOLD - COMMODITY EXCHANGE INC.,2022-08-30 00:00:00,088691,459165,91761,79973,86070,184402,14612,45959,420247,432192,38918,26973,11788,-98332,-31347,2022
WTI-PHYSICAL - NEW YORK MERCANTILE EXCHANGE,2022-09-06 00:00:00,067651,1480320,198513,53303,64499,394724,413227,323419,1401378,1427317,78942,53003,145210,-330225,89808,2022
GOLD - COMMODITY EXCHANGE INC.,2022-09-06 00:00:00,088691,465908,85842,92804,87940,175944,15564,41624,427110,437317,38798,28591,-6962,-88004,-26060,2022
WTI-PHYSICAL - NEW YORK MERCANTILE EXCHANGE,2022-09-13 00:00:00,067651,1498059,202300,43952,63013,393227,417736,331529,1422269,1439219,75790,58840,158348,-330214,86207,2022
GOLD - COMMODITY EXCHANGE INC.,2022-09-13 00:00:00,088691,463674,80300,98637,88814,172633,12589,39708,423118,436712,40556,26962,-18337,-83819,-27119,2022
WTI-PHYSICAL - NEW YORK MERCANTILE EXCHANGE,2022-09-20 00:00:00,067651,1481545,206193,41165,64970,397794,410950,339694,1408302,1429992,73243,51553,165028,-332824,71256,2022
GOLD - COMMODITY EXCHANGE INC.,2022-09-20 00:00:00,088691,469395,78544,115239,96320,154084,16194,33858,428895,438601,40500,30794,-36695,-57764,-17664,2022
WTI-PHYSICAL - NEW YORK MERCANTILE EXCHANGE,2022-09-27 00:00:00,067651,1504991,190822,51655,63628,390836,415347,335011,1429937,1450729,75054,54262,139167,-327208,80336,2022
GOLD - COMMODITY EXCHANGE INC.,2022-09-27 00:00:00,088691,457061,74171,117265,95632,145147,15381,28004,416736,426793,40325,30268,-43094,-49515,-12623,2022
WTI-PHYSICAL - NEW YORK MERCANTILE EXCHANGE,2022-10-04 00:00:00,067651,1495538,195247,36371,62733,386088,401884,339383,1423912,1442767,71626,52771,158876,-323355,62501,2022
GOLD - COMMODITY EXCHANGE INC.,2022-10-04 00:00:00,088691,437065,82806,89681,92811,170207,12114,31266,400361,408524,36704,28541,-6875,-77396,-19152,2022
WTI-PHYSICAL - NEW YORK MERCANTILE EXCHANGE,2022-10-11 00:00:00,067651,1499498,210330,32841,68984,389773,406102,368939,1423139,1447545,76359,51953,177489,-320789,37163,2022
GOLD - COMMODITY EXCHANGE INC.,2022-10-11 00:00:00,088691,431395,78365,83945,89504,170564,11578,34246,394407,403715,36988,27680,-5580,-81060,-22668,2022
WTI-PHYSICAL - NEW YORK MERCANTILE EXCHANGE,2022-10-18 00:00:00,067651,1454431,195314,47335,69285,377886,381990,347146,1381691,1403903,72740,50528,147979,-308601,34844,2022
GOLD - COMMODITY EXCHANGE INC.,2022-10-18 00:00:00,088691,434701,73344,99042,88947,163412,14351,29916,395415,408489,39286,26212,-25698,-74465,-15565,2022
WTI-PHYSICAL - NEW YORK MERCANTILE EXCHANGE,2022-10-25 00:00:00,067651,1436942,197343,43660,66627,371610,383914,346957,1367182,1386129,69760,50813,153683,-304983,36957,2022
GOLD - COMMODITY EXCHANGE INC.,2022-10-25 00:00:00,088691,456072,72016,110804,91650,161437,18036,28462,416435,428616,39637,27456,-38788,-69787,-10426,2022
WTI-PHYSICAL - NEW YORK MERCANTILE EXCHANGE,2022-11-01 00:00:00,067651,1459052,212424,43011,64493,380470,404396,364180,1387020,1407972,72032,51080,169413,-315977,40216,2022
GOLD - COMMODITY EXCHANGE INC.,2022-11-01 00:00:00,088691,467276,78213,119614,94979,160988,17255,26028,428717,438876,38559,28400,-41401,-66009,-8773,2022
WTI-PHYSICAL - NEW YORK MERCANTILE EXCHANGE,2022-11-08 00:00:00,067651,1446658,229598,43942,68542,385168,384031,368730,1368874,1395409,77784,51249,185656,-316626,15301,2022
GOLD - COMMODITY EXCHANGE INC.,2022-11-08 00:00:00,088691,488471,88059,104405,94889,167447,16738,35324,450426,459232,38045,29239,-16346,-72558,-18586,2022
WTI-PHYSICAL - NEW YORK MERCANTILE EXCHANGE,2022-11-15 00:00:00,067651,1469437,212532,46241,69721,385739,386838,378215,1393119,1422247,76318,47190,166291,-316018,8623,2022
GOLD - COMMODITY EXCHANGE INC.,2022-11-15 00:00:00,088691,495171,95065,69608,93757,191083,14602,51584,458198,466237,36973,28934,25457,-97326,-36982,2022
WTI-PHYSICAL - NEW YORK MERCANTILE EXCHANGE,2022-11-22 00:00:00,067651,1405565,196423,49260,74277,365718,340828,326381,1332494,1357013,73071,48552,147163,-291441,14447,2022
GOLD - COMMODITY EXCHANGE INC.,2022-11-22 00:00:00,088691,449542,92161,72730,96891,186561,14133,54527,409246,423197,40296,26345,19431,-89670,-40394,2022
WTI-PHYSICAL - NEW YORK MERCANTILE EXCHANGE,2022-11-29 00:00:00,067651,1412121,186206,46409,74142,354300,338600,321096,1335644,1358559,76477,53562,139797,-280158,17504,2022
GOLD - COMMODITY EXCHANGE INC.,2022-11-29 00:00:00,088691,433661,88032,73312,98970,181577,12158,48784,399715,408945,33946,24716,14720,-82607,-36626,2022
WTI-PHYSICAL - NEW YORK MERCANTILE EXCHANGE,2022-12-06 00:00:00,067651,1436728,208273,64192,78934,346387,338878,330978,1354668,1382501,82060,54227,144081,-267453,7900,2022
GOLD - COMMODITY EXCHANGE INC.,2022-12-06 00:00:00,088691,422100,93629,70142,92319,184445,11712,49665,384315,399269,37785,22831,23487,-92126,-37953,2022
WTI-PHYSICAL - NEW YORK MERCANTILE EXCHANGE,2022-12-13 00:00:00,067651,1450482,209842,65359,82752,337062,345347,338784,1371983,1390171,78499,60311,144483,-254310,6563,2022
GOLD - COMMODITY EXCHANGE INC.,2022-12-13 00:00:00,088691,437040,103737,66288,94229,195915,13758,50601,399731,412611,37309,24429,37449,-101686,-36843,2022
WTI-PHYSICAL - NEW YORK MERCANTILE EXCHANGE,2022-12-20 00:00:00,067651,1395622,213065,50393,75855,329718,322894,325589,1322282,1340649,73340,54973,162672,-253863,-2695,2022
GOLD - COMMODITY EXCHANGE INC.,2022-12-20 00:00:00,088691,436653,104813,65718,92184,197001,13860,51557,397957,411623,38696,25030,39095,-104817,-37697,2022
WTI-PHYSICAL - NEW YORK MERCANTILE EXCHANGE,2022-12-27 00:00:00,067651,1413545,212511,43509,76388,327455,319799,335286,1339860,1358796,73685,54749,169002,-251067,-15487,2022
GOLD - COMMODITY EXCHANGE INC.,2022-12-27 00:00:00,088691,440040,106983,56106,91331,202715,13950,56342,400616,417512,39424,22528,50877,-111384,-42392,2022
WTI-PHYSICAL - NEW YORK MERCANTILE EXCHANGE,2023-01-03 00:00:00,067651,1459936,201793,62953,81675,314770,342423,358368,1384836,1406269,75100,53667,138840,-233095,-15945,2023
GOLD - COMMODITY EXCHANGE INC.,2023-01-03 00:00:00,088691,449393,109140,54559,90625,206697,13217,57119,407056,425364,42337,24029,54581,-116072,-43902,2023
WTI-PHYSICAL - NEW YORK MERCANTILE EXCHANGE,2023-01-10 00:00:00,067651,1557092,191544,62212,85704,313677,390732,388261,1484397,1504663,72695,52429,129332,-227973,2471,2023
GOLD - COMMODITY EXCHANGE INC.,2023-01-10 00:00:00,088691,481519,116604,54795,88381,212156,12243,60946,435146,457089,46373,24430,61809,-123775,-48703,2023
WTI-PHYSICAL - NEW YORK MERCANTILE EXCHANGE,2023-01-17 00:00:00,067651,1613466,200164,41349,83425,337852,411633,412805,1539757,1556138,73709,57328,158815,-254427,-1172,2023
GOLD - COMMODITY EXCHANGE INC.,2023-01-17 00:00:00,088691,491818,124222,54845,90498,222476,14854,58789,443690,466363,48128,25455,69377,-131978,-43935,2023
WTI-PHYSICAL - NEW YORK MERCANTILE EXCHANGE,2023-01-24 00:00:00,067651,1660450,197545,34535,78899,348695,435541,438991,1580443,1603890,80007,56560,163010,-269796,-3450,2023
GOLD - COMMODITY EXCHANGE INC.,2023-01-24 00:00:00,088691,499927,131501,51622,92041,230986,12705,54314,452047,474928,47880,24999,79879,-138945,-41609,2023
WTI-PHYSICAL - NEW YORK MERCANTILE EXCHANGE,2023-01-31 00:00:00,067651,1726378,206008,48582,80633,341666,441249,446838,1639507,1662309,86871,64069,157426,-261033,-5589,2023
GOLD - COMMODITY EXCHANGE INC.,2023-01-31 00:00:00,088691,471642,138125,53678,88758,232458,14955,51775,427658,447897,43984,23745,84447,-143700,-36820,2023
WTI-PHYSICAL - NEW YORK MERCANTILE EXCHANGE,2023-02-07 00:00:00,067651,1791955,207741,61735,81291,329589,489696,485946,1701806,1722203,90149,69752,146006,-248298,3750,2023
GOLD - COMMODITY EXCHANGE INC.,2023-02-07 00:00:00,088691,439755,115521,55945,90840,212824,15251,46233,391679,415830,48076,23925,59576,-121984,-30982,2023
WTI-PHYSICAL - NEW YORK MERCANTILE EXCHANGE,2023-02-14 00:00:00,067651,1821601,218288,54509,80817,320328,535967,543826,1738557,1758386,83044,63215,163779,-239511,-7859,2023
GOLD - COMMODITY EXCHANGE INC.,2023-02-14 00:00:00,088691,426116,106106,64933,92860,192039,12225,42118,380672,404215,45444,21901,41173,-99179,-29893,2023
WTI-PHYSICAL - NEW YORK MERCANTILE EXCHANGE,2023-02-21 00:00:00,067651,1756029,199714,65678,79699,322179,520853,519670,1675924,1697550,80105,58479,134036,-242480,1183,2023
GOLD - COMMODITY EXCHANGE INC.,2023-02-21 00:00:00,088691,422648,104710,68004,91556,191128,10696,40479,378692,400946,43956,21702,36706,-99572,-29783,2023
WTI-PHYSICAL - NEW YORK MERCANTILE EXCHANGE,2023-02-28 00:00:00,067651,1750212,210034,70080,80450,311511,508284,508521,1670575,1686559,79637,63653,139954,-231061,-237,2023
GOLD - COMMODITY EXCHANGE INC.,2023-02-28 00:00:00,088691,426890,99425,72850,93853,192117,12772,41995,384932,403826,41958,23064,26575,-98264,-29223,2023
WTI-PHYSICAL - NEW YORK MERCANTILE EXCHANGE,2023-03-07 00:00:00,067651,1755027,206873,59936,70763,300706,507632,512178,1670030,1697618,84997,57409,146937,-229943,-4546,2023
GOLD - COMMODITY EXCHANGE INC.,2023-03-07 00:00:00,088691,458474,103439,89040,95312,184633,11617,41216,414834,435280,43640,23194,14399,-89321,-29599,2023
WTI-PHYSICAL - NEW YORK MERCANTILE EXCHANGE,2023-03-14 00:00:00,067651,1767660,185607,89321,75261,295345,517997,510546,1669242,1705656,98418,62004,96286,-220084,7451,2023
GOLD - COMMODITY EXCHANGE INC.,2023-03-14 00:00:00,088691,459064,118560,58839,100461,219834,11602,47669,417269,432378,41795,26686,59721,-119373,-36067,2023
WTI-PHYSICAL - NEW YORK MERCANTILE EXCHANGE,2023-03-21 00:00:00,067651,1791902,178905,126758,70174,301770,551450,498758,1704712,1729275,87190,62627,52147,-231596,52692,2023
GOLD - COMMODITY EXCHANGE INC.,2023-03-21 00:00:00,088691,469874,125090,43861,94971,237253,14502,55788,422250,447213,47624,22661,81229,-142282,-41286,2023
WTI-PHYSICAL - NEW YORK MERCANTILE EXCHANGE,2023-03-28 00:00:00,067651,1785807,174327,76400,65845,297252,513790,473999,1705517,1716064,80290,69743,97927,-231407,39791,2023
GOLD - COMMODITY EXCHANGE INC.,2023-03-28 00:00:00,088691,478611,130530,31370,93156,250335,15709,60038,431223,451101,47388,27510,99160,-157179,-44329,2023
WTI-PHYSICAL - NEW YORK MERCANTILE EXCHANGE,2023-04-04 00:00:00,067651,1858446,200741,34478,66447,327789,523061,501689,1783542,1797385,74904,61061,166263,-261342,21372,2023
GOLD - COMMODITY EXCHANGE INC.,2023-04-04 00:00:00,088691,476592,142348,32217,93463,275774,15763,51702,427852,450886,48740,25706,110131,-182311,-35939,2023
WTI-PHYSICAL - NEW YORK MERCANTILE EXCHANGE,2023-04-11 00:00:00,067651,1875140,212632,24338,68932,340364,526256,510235,1792759,1812538,82381,62602,188294,-271432,16021,2023
GOLD - COMMODITY EXCHANGE INC.,2023-04-11 00:00:00,088691,476567,135015,30409,95817,277432,16516,51449,427465,451268,49102,25299,104606,-181615,-34933,2023
WTI-PHYSICAL - NEW YORK MERCANTILE EXCHANGE,2023-04-18 00:00:00,067651,1913192,221223,29482,75090,350686,527602,525253,1828706,1857378,84486,55814,191741,-275596,2349,2023
GOLD - COMMODITY EXCHANGE INC.,2023-04-18 00:00:00,088691,482254,137170,34474,97059,279540,17347,51291,431607,458139,50647,24115,102696,-182481,-33944,2023
WTI-PHYSICAL - NEW YORK MERCANTILE EXCHANGE,2023-04-25 00:00:00,067651,1826195,215016,40926,80168,339640,497975,509700,1739376,1774135,86819,52060,174090,-259472,-11725,2023
GOLD - COMMODITY EXCHANGE INC.,2023-04-25 00:00:00,088691,473209,135979,33176,97156,274064,17543,52563,422161,448825,51048,24384,102803,-176908,-35020,2023
WTI-PHYSICAL - NEW YORK MERCANTILE EXCHANGE,2023-05-02 00:00:00,067651,1908299,188610,56779,84866,325807,549363,561327,1816118,1854178,92181,54121,131831,-240941,-11964,2023
GOLD - COMMODITY EXCHANGE INC.,2023-05-02 00:00:00,088691,493804,143191,29401,98325,280378,18762,54293,446302,468319,47502,25485,113790,-182053,-35531,2023
WTI-PHYSICAL - NEW YORK MERCANTILE EXCHANGE,2023-05-09 00:00:00,067651,1885886,209337,62081,84884,326588,563469,561221,1801165,1823993,84721,61893,147256,-241704,2248,2023
GOLD - COMMODITY EXCHANGE INC.,2023-05-09 00:00:00,088691,518951,143463,32477,99775,285522,18250,55018,466939,493640,52012,25311,110986,-185747,-36768,2023
WTI-PHYSICAL - NEW YORK MERCANTILE EXCHANGE,2023-05-16 00:00:00,067651,1856570,209384,77714,90236,319880,533225,519193,1772202,1796345,84368,60225,131670,-229644,14032,2023
GOLD - COMMODITY EXCHANGE INC.,2023-05-16 00:00:00,088691,521832,139786,35803,99973,277316,18148,52362,466980,498723,54852,23109,103983,-177343,-34214,2023
WTI-PHYSICAL - NEW YORK MERCANTILE EXCHANGE,2023-05-23 00:00:00,067651,1847901,196246,76588,80479,318258,525835,505442,1765201,1789468,82700,58433,119658,-237779,20393,2023
GOLD - COMMODITY EXCHANGE INC.,2023-05-23 00:00:00,088691,479080,128550,35411,99737,260335,18435,44860,429753,456044,49327,23036,93139,-160598,-26425,2023
WTI-PHYSICAL - NEW YORK MERCANTILE EXCHANGE,2023-05-30 00:00:00,067651,1920740,185237,106797,82692,308122,547149,514596,1831711,1861997,89029,58743,78440,-225430,32553,2023
GOLD - COMMODITY EXCHANGE INC.,2023-05-30 00:00:00,088691,449515,122904,36201,93334,251967,12396,43768,405904,426593,43611,22922,86703,-158633,-31372,2023
WTI-PHYSICAL - NEW YORK MERCANTILE EXCHANGE,2023-06-06 00:00:00,067651,1951628,196737,115383,74612,306895,568236,534330,1867220,1893155,84408,58473,81354,-232283,33906,2023
GOLD - COMMODITY EXCHANGE INC.,2023-06-06 00:00:00,088691,436301,120985,27557,91274,259683,13860,43638,388706,411252,47595,25049,93428,-168409,-29778,2023
WTI-PHYSICAL - NEW YORK MERCANTILE EXCHANGE,2023-06-13 00:00:00,067651,1886782,209069,138025,76904,297449,553264,516991,1802299,1831497,84483,55285,71044,-220545,36273,2023
GOLD - COMMODITY EXCHANGE INC.,2023-06-13 00:00:00,088691,432898,110512,35869,93585,252488,14225,41384,383945,409798,48953,23100,74643,-158903,-27159,2023
WTI-PHYSICAL - NEW YORK MERCANTILE EXCHANGE,2023-06-20 00:00:00,067651,1846816,210478,118736,70862,306318,551570,506032,1767656,1791097,79160,55719,91742,-235456,45538,2023
GOLD - COMMODITY EXCHANGE INC.,2023-06-20 00:00:00,088691,438037,110314,34275,94588,254246,13663,40542,390635,414197,47402,23840,76039,-159658,-26879,2023
WTI-PHYSICAL - NEW YORK MERCANTILE EXCHANGE,2023-06-27 00:00:00,067651,1865745,202078,145858,70125,291744,564161,509200,1783778,1812048,81967,53697,56220,-221619,54961,2023
GOLD - COMMODITY EXCHANGE INC.,2023-06-27 00:00:00,088691,431861,108209,38534,95100,244202,11393,37626,383819,407244,48042,24617,69675,-149102,-26233,2023
WTI-PHYSICAL - NEW YORK MERCANTILE EXCHANGE,2023-07-03 00:00:00,067651,1816043,195740,117712,64774,294562,566672,507032,1728994,1757713,87049,58330,78028,-229788,59640,2023
GOLD - COMMODITY EXCHANGE INC.,2023-07-03 00:00:00,088691,448063,123017,39869,90454,247746,13966,41391,402573,424193,45490,23870,83148,-157292,-27425,2023
WTI-PHYSICAL - NEW YORK MERCANTILE EXCHANGE,2023-07-11 00:00:00,067651,1796348,223385,101082,58629,307576,539158,486899,1706958,1730213,89390,66135,122303,-248947,52259,2023
GOLD - COMMODITY EXCHANGE INC.,2023-07-11 00:00:00,088691,483170,124394,41951,89493,248168,13062,42136,436552,458547,46618,24623,82443,-158675,-29074,2023
WTI-PHYSICAL - NEW YORK MERCANTILE EXCHANGE,2023-07-18 00:00:00,067651,1768189,242461,80540,58508,322937,490971,460032,1682434,1709825,85755,58364,161921,-264429,30939,2023
GOLD - COMMODITY EXCHANGE INC.,2023-07-18 00:00:00,088691,482104,147644,32326,84927,259368,14281,53555,436320,456687,45784,25417,115318,-174441,-39274,2023
WTI-PHYSICAL - NEW YORK MERCANTILE EXCHANGE,2023-07-25 00:00:00,067651,1743598,244610,61760,60629,333625,491247,469227,1656679,1682459,86919,61139,182850,-272996,22020,2023
GOLD - COMMODITY EXCHANGE INC.,2023-07-25 00:00:00,088691,476176,132603,37316,86053,245319,16452,55396,428876,453447,47300,22729,95287,-159266,-38944,2023
WTI-PHYSICAL - NEW YORK MERCANTILE EXCHANGE,2023-08-01 00:00:00,067651,1752072,256964,58029,60269,339986,483370,470892,1659133,1684513,92939,67559,198935,-279717,12478,2023
GOLD - COMMODITY EXCHANGE INC.,2023-08-01 00:00:00,088691,439383,123802,43793,88352,244985,16334,46546,396129,418050,43254,21333,80009,-156633,-30212,2023
WTI-PHYSICAL - NEW YORK MERCANTILE EXCHANGE,2023-08-08 00:00:00,067651,1703711,256368,50993,63032,348920,482375,474825,1614727,1637137,88984,66574,205375,-285888,7550,2023
GOLD - COMMODITY EXCHANGE INC.,2023-08-08 00:00:00,088691,427759,114585,55979,88184,229288,15411,41861,382763,407332,44996,20427,58606,-141104,-26450,2023
WTI-PHYSICAL - NEW YORK MERCANTILE EXCHANGE,2023-08-15 00:00:00,067651,1702766,239367,65525,64156,348037,486887,473107,1612344,1640337,90422,62429,173842,-283881,13780,2023
GOLD - COMMODITY EXCHANGE INC.,2023-08-15 00:00:00,088691,433611,113146,83610,86688,207088,17862,39392,389274,410068,44337,23543,29536,-120400,-21530,2023
WTI-PHYSICAL - NEW YORK MERCANTILE EXCHANGE,2023-08-22 00:00:00,067651,1623347,219601,75393,61386,344068,454780,428439,1543040,1565010,80307,58337,144208,-282682,26341,2023
GOLD - COMMODITY EXCHANGE INC.,2023-08-22 00:00:00,088691,430239,105085,95976,87166,190600,18338,35940,384927,404017,45312,26222,9109,-103434,-17602,2023
WTI-PHYSICAL - NEW YORK MERCANTILE EXCHANGE,2023-08-29 00:00:00,067651,1658521,225285,53520,59805,352814,475110,443049,1580715,1600758,77806,57763,171765,-293009,32061,2023
GOLD - COMMODITY EXCHANGE INC.,2023-08-29 00:00:00,088691,442806,120609,81367,83759,203886,20564,41031,399039,416361,43767,26445,39242,-120127,-20467,2023
WTI-PHYSICAL - NEW YORK MERCANTILE EXCHANGE,2023-09-05 00:00:00,067651,1703130,268738,35820,61784,393328,441087,418540,1619115,1628790,84015,74340,232918,-331544,22547,2023
GOLD - COMMODITY EXCHANGE INC.,2023-09-05 00:00:00,088691,438672,120222,69857,81715,215580,17994,42368,392706,412939,45966,25733,50365,-133865,-24374,2023
WTI-PHYSICAL - NEW YORK MERCANTILE EXCHANGE,2023-09-12 00:00:00,067651,1791696,293746,29716,64355,423782,466794,456080,1697781,1719623,93915,72073,264030,-359427,10714,2023
GOLD - COMMODITY EXCHANGE INC.,2023-09-12 00:00:00,088691,441221,117737,83166,83274,205736,17361,39709,394481,415427,46740,25794,34571,-122462,-22348,2023
WTI-PHYSICAL - NEW YORK MERCANTILE EXCHANGE,2023-09-19 00:00:00,067651,1692990,311274,29654,63776,434194,431615,416032,1603719,1630128,89271,62862,281620,-370418,15583,2023
GOLD - COMMODITY EXCHANGE INC.,2023-09-19 00:00:00,088691,438078,121172,73782,82606,210250,15305,40593,394157,411926,43921,26152,47390,-127644,-25288,2023
WTI-PHYSICAL - NEW YORK MERCANTILE EXCHANGE,2023-09-26 00:00:00,067651,1750559,330645,28985,60156,438728,397602,394434,1659229,1684578,91330,65981,301660,-378572,3168,2023
GOLD - COMMODITY EXCHANGE INC.,2023-09-26 00:00:00,088691,435620,114668,91230,88126,196295,13152,39819,390407,409428,45213,26192,23438,-108169,-26667,2023
WTI-PHYSICAL - NEW YORK MERCANTILE EXCHANGE,2023-10-03 00:00:00,067651,1787495,323533,30298,55824,439511,414354,412613,1692743,1725129,94752,62366,293235,-383687,1741,2023
GOLD - COMMODITY EXCHANGE INC.,2023-10-03 00:00:00,088691,431226,100500,108061,85747,175533,16614,38810,385970,406726,45256,24500,-7561,-89786,-22196,2023
WTI-PHYSICAL - NEW YORK MERCANTILE EXCHANGE,2023-10-10 00:00:00,067651,1753314,281221,26677,56938,432425,450254,437777,1661455,1702491,91859,50823,254544,-375487,12477,2023
GOLD - COMMODITY EXCHANGE INC.,2023-10-10 00:00:00,088691,436499,93934,120701,91619,163620,19010,37437,392029,411024,44470,25475,-26767,-72001,-18427,2023
WTI-PHYSICAL - NEW YORK MERCANTILE EXCHANGE,2023-10-17 00:00:00,067651,1654168,243150,40006,62103,424676,413780,391757,1567416,1601578,86752,52590,203144,-362573,22023,2023
GOLD - COMMODITY EXCHANGE INC.,2023-10-17 00:00:00,088691,439581,104708,89605,84592,182625,11737,41703,398718,413979,40863,25602,15103,-98033,-29966,2023
WTI-PHYSICAL - NEW YORK MERCANTILE EXCHANGE,2023-10-24 00:00:00,067651,1628044,247886,51910,59628,420263,390962,371285,1535204,1575397,92840,52647,195976,-360635,19677,2023
GOLD - COMMODITY EXCHANGE INC.,2023-10-24 00:00:00,088691,463476,122456,66708,81233,206961,10642,50787,421347,437835,42129,25641,55748,-125728,-40145,2023
WTI-PHYSICAL - NEW YORK MERCANTILE EXCHANGE,2023-10-31 00:00:00,067651,1671255,220229,84165,61250,402214,415990,383793,1573804,1620313,97451,50942,136064,-340964,32197,2023
GOLD - COMMODITY EXCHANGE INC.,2023-10-31 00:00:00,088691,475808,140111,65271,79294,217816,11165,55350,431016,450298,44792,25510,74840,-138522,-44185,2023
WTI-PHYSICAL - NEW YORK MERCANTILE EXCHANGE,2023-11-07 00:00:00,067651,1688562,218063,106754,62601,386042,441493,394766,1594033,1634777,94529,53785,111309,-323441,46727,2023
GOLD - COMMODITY EXCHANGE INC.,2023-11-07 00:00:00,088691,484347,140609,62374,82014,223122,10487,55470,438863,458738,45484,25609,78235,-141108,-44983,2023
WTI-PHYSICAL - NEW YORK MERCANTILE EXCHANGE,2023-11-14 00:00:00,067651,1639133,213109,113546,59155,379416,440697,367198,1552746,1583774,86387,55359,99563,-320261,73499,2023
GOLD - COMMODITY EXCHANGE INC.,2023-11-14 00:00:00,088691,486634,132924,68609,83706,217660,12176,55241,441225,462868,45409,23766,64315,-133954,-43065,2023
WTI-PHYSICAL - NEW YORK MERCANTILE EXCHANGE,2023-11-21 00:00:00,067651,1553677,200481,115552,60880,390784,418077,318182,1477556,1500241,76121,53436,84929,-329904,99895,2023
GOLD - COMMODITY EXCHANGE INC.,2023-11-21 00:00:00,088691,508429,144381,65246,80946,225272,14081,59990,464470,483000,43959,25429,79135,-144326,-45909,2023
WTI-PHYSICAL - NEW YORK MERCANTILE EXCHANGE,2023-11-28 00:00:00,067651,1563737,203808,125492,63995,384118,405739,292395,1489483,1513091,74254,50646,78316,-320123,113344,2023
GOLD - COMMODITY EXCHANGE INC.,2023-11-28 00:00:00,088691,505658,169695,54802,76804,244788,14333,64941,460008,478516,45650,27142,114893,-167984,-50608,2023
WTI-PHYSICAL - NEW YORK MERCANTILE EXCHANGE,2023-12-05 00:00:00,067651,1650437,201196,138419,68543,383309,475183,355043,1572102,1597738,78335,52699,62777,-314766,120140,2023
GOLD - COMMODITY EXCHANGE INC.,2023-12-05 00:00:00,088691,487469,159907,50520,76376,253627,12631,62325,439986,463387,47483,24082,109387,-177251,-49694,2023
WTI-PHYSICAL - NEW YORK MERCANTILE EXCHANGE,2023-12-12 00:00:00,067651,1650245,189511,143599,65876,376560,498401,363043,1565081,1588808,85164,61437,45912,-310684,135358,2023
GOLD - COMMODITY EXCHANGE INC.,2023-12-12 00:00:00,088691,469939,149634,54106,76081,243774,13420,58535,423482,448057,46457,21882,95528,-167693,-45115,2023
WTI-PHYSICAL - NEW YORK MERCANTILE EXCHANGE,2023-12-19 00:00:00,067651,1579670,193729,106401,55597,385772,463653,329349,1499212,1512340,80458,67330,87328,-330175,134304,2023
GOLD - COMMODITY EXCHANGE INC.,2023-12-19 00:00:00,088691,481203,155697,47421,75017,254059,12836,60852,433184,458903,48019,22300,108276,-179042,-48016,2023
WTI-PHYSICAL - NEW YORK MERCANTILE EXCHANGE,2023-12-26 00:00:00,067651,1554682,204638,97235,52029,386975,463418,339570,1486418,1498232,68264,56450,107403,-334946,123848,2023
GOLD - COMMODITY EXCHANGE INC.,2023-12-26 00:00:00,088691,491343,152801,46347,74400,261732,13243,58256,443307,467934,48036,23409,106454,-187332,-45013,2023
WTI-PHYSICAL - NEW YORK MERCANTILE EXCHANGE,2024-01-02 00:00:00,067651,1586914,199139,132576,57346,378831,467851,328570,1513615,1532090,73299,54824,66563,-321485,139281,2024
GOLD - COMMODITY EXCHANGE INC.,2024-01-02 00:00:00,088691,500364,154384,45235,76117,269894,13674,55375,451164,478993,49200,21371,109149,-193777,-41701,2024
WTI-PHYSICAL - NEW YORK MERCANTILE EXCHANGE,2024-01-09 00:00:00,067651,1598167,201782,110826,56199,372645,485089,353270,1528367,1543312,69800,54855,90956,-316446,131819,2024
GOLD - COMMODITY EXCHANGE INC.,2024-01-09 00:00:00,088691,489849,134333,45874,78213,250913,11949,56950,439275,468362,50574,21487,88459,-172700,-45001,2024
WTI-PHYSICAL - NEW YORK MERCANTILE EXCHANGE,2024-01-16 00:00:00,067651,1610493,196664,124191,53494,377034,502525,357612,1540080,1556673,70413,53820,72473,-323540,144913,2024
GOLD - COMMODITY EXCHANGE INC.,2024-01-16 00:00:00,088691,489334,130931,47702,75791,242657,12864,53418,439694,467221,49640,22113,83229,-166866,-40554,2024
WTI-PHYSICAL - NEW YORK MERCANTILE EXCHANGE,2024-01-23 00:00:00,067651,1649542,211002,89252,46341,383188,524758,390379,1579392,1597842,70150,51700,121750,-336847,134379,2024
GOLD - COMMODITY EXCHANGE INC.,2024-01-23 00:00:00,088691,465872,111298,50265,78535,231679,13724,52673,420228,442847,45644,23025,61033,-153144,-38949,2024
WTI-PHYSICAL - NEW YORK MERCANTILE EXCHANGE,2024-01-30 00:00:00,067651,1747660,213400,75885,48063,393554,540301,413885,1673204,1695615,74456,52045,137515,-345491,126416,2024
GOLD - COMMODITY EXCHANGE INC.,2024-01-30 00:00:00,088691,430328,108093,52069,77882,214041,15272,49631,384964,407691,45364,22637,56024,-136159,-34359,2024
WTI-PHYSICAL - NEW YORK MERCANTILE EXCHANGE,2024-02-06 00:00:00,067651,1808220,167934,90861,52615,383300,568604,427102,1723916,1751261,84304,56959,77073,-330685,141502,2024
GOLD - COMMODITY EXCHANGE INC.,2024-02-06 00:00:00,088691,419121,114316,46247,77734,221357,14285,50903,377258,395761,41863,23360,68069,-143623,-36618,2024
WTI-PHYSICAL - NEW YORK MERCANTILE EXCHANGE,2024-02-13 00:00:00,067651,1715857,180235,80047,44916,384197,502005,354226,1639196,1659626,76661,56231,100188,-339281,147779,2024
GOLD - COMMODITY EXCHANGE INC.,2024-02-13 00:00:00,088691,420812,100642,66466,78854,199591,15888,48131,376584,398396,44228,22416,34176,-120737,-32243,2024
WTI-PHYSICAL - NEW YORK MERCANTILE EXCHANGE,2024-02-20 00:00:00,067651,1662234,193300,69904,43443,390998,493605,363524,1582988,1608561,79246,53673,123396,-347555,130081,2024
GOLD - COMMODITY EXCHANGE INC.,2024-02-20 00:00:00,088691,407063,98840,48917,77980,198940,10614,49065,365217,384366,41846,22697,49923,-120960,-38451,2024
WTI-PHYSICAL - NEW YORK MERCANTILE EXCHANGE,2024-02-27 00:00:00,067651,1658921,217215,50677,43379,388521,452435,355547,1583286,1606750,75635,52171,166538,-345142,96888,2024
GOLD - COMMODITY EXCHANGE INC.,2024-02-27 00:00:00,088691,411195,103885,47732,78743,197423,11378,51050,372252,388968,38943,22227,56153,-118680,-39672,2024
WTI-PHYSICAL - NEW YORK MERCANTILE EXCHANGE,2024-03-05 00:00:00,067651,1642519,210194,35609,45343,388454,419049,347593,1556954,1590097,85565,52422,174585,-343111,71456,2024
GOLD - COMMODITY EXCHANGE INC.,2024-03-05 00:00:00,088691,471616,145106,35343,77009,234914,11650,60537,426834,442333,44782,29283,109763,-157905,-48887,2024
WTI-PHYSICAL - NEW YORK MERCANTILE EXCHANGE,2024-03-12 00:00:00,067651,1718985,199527,38934,44209,389523,459551,379291,1634953,1666219,84032,52766,160593,-345314,80260,2024
GOLD - COMMODITY EXCHANGE INC.,2024-03-12 00:00:00,088691,516057,173994,32911,75076,244909,30471,78911,468065,484736,47992,31321,141083,-169833,-48440,2024
WTI-PHYSICAL - NEW YORK MERCANTILE EXCHANGE,2024-03-19 00:00:00,067651,1713716,236945,31261,41407,425292,436432,360950,1628379,1659025,85337,54691,205684,-383885,75482,2024
GOLD - COMMODITY EXCHANGE INC.,2024-03-19 00:00:00,088691,535047,172588,29692,77067,245387,32136,81346,485916,501844,49131,33203,142896,-168320,-49210,2024
WTI-PHYSICAL - NEW YORK MERCANTILE EXCHANGE,2024-03-26 00:00:00,067651,1775565,251670,45876,39911,415871,457619,397198,1687838,1725350,87727,50215,205794,-375960,60421,2024
GOLD - COMMODITY EXCHANGE INC.,2024-03-26 00:00:00,088691,503642,163006,27211,80421,251256,32765,80270,455638,474684,48004,28958,135795,-170835,-47505,2024
WTI-PHYSICAL - NEW YORK MERCANTILE EXCHANGE,2024-04-02 00:00:00,067651,1757685,261334,45491,40294,427850,440363,385328,1672076,1703700,85609,53985,215843,-387556,55035,2024
GOLD - COMMODITY EXCHANGE INC.,2024-04-02 00:00:00,088691,500045,173073,25993,80217,261044,32235,77122,451114,469578,48931,30467,147080,-180827,-44887,2024
WTI-PHYSICAL - NEW YORK MERCANTILE EXCHANGE,2024-04-09 00:00:00,067651,1762094,271319,49187,45225,445043,458713,396642,1668142,1708752,93952,53342,222132,-399818,62071,2024
GOLD - COMMODITY EXCHANGE INC.,2024-04-09 00:00:00,088691,505214,174617,32885,79228,261784,34191,76217,453655,475818,51559,29396,141732,-182556,-42026,2024
WTI-PHYSICAL - NEW YORK MERCANTILE EXCHANGE,2024-04-16 00:00:00,067651,1799606,267691,81905,46622,446407,456185,385484,1714697,1753319,84909,46287,185786,-399785,70701,2024
GOLD - COMMODITY EXCHANGE INC.,2024-04-16 00:00:00,088691,517193,169910,35174,78012,266867,37797,71700,466948,487783,50245,29410,134736,-188855,-33903,2024
WTI-PHYSICAL - NEW YORK MERCANTILE EXCHANGE,2024-04-23 00:00:00,067651,1765266,238825,77423,41587,440814,490273,398571,1678125,1720814,87141,44452,161402,-399227,91702,2024
GOLD - COMMODITY EXCHANGE INC.,2024-04-23 00:00:00,088691,516249,176400,34261,75873,270152,37917,70510,467335,491316,48914,24933,142139,-194279,-32593,2024
WTI-PHYSICAL - NEW YORK MERCANTILE EXCHANGE,2024-04-30 00:00:00,067651,1794542,245431,86726,41703,437353,508370,421463,1708427,1751709,86115,42833,158705,-395650,86907,2024
GOLD - COMMODITY EXCHANGE INC.,2024-04-30 00:00:00,088691,519791,171853,36826,73085,269856,37917,68644,469517,492805,50274,26986,135027,-196771,-30727,2024
WTI-PHYSICAL - NEW YORK MERCANTILE EXCHANGE,2024-05-07 00:00:00,067651,1836765,207621,103102,45197,426225,557621,437664,1748665,1794292,88100,42473,104519,-381028,119957,2024
GOLD - COMMODITY EXCHANGE INC.,2024-05-07 00:00:00,088691,529835,164780,38681,73131,268227,35488,67658,475134,502833,54701,27002,126099,-195096,-32170,2024
WTI-PHYSICAL - NEW YORK MERCANTILE EXCHANGE,2024-05-14 00:00:00,067651,1787763,201164,81932,44568,416007,547322,426844,1695743,1743661,92020,44102,119232,-371439,120478,2024
GOLD - COMMODITY EXCHANGE INC.,2024-05-14 00:00:00,088691,522952,171868,41433,75210,277761,35446,65005,470319,497933,52633,25019,130435,-202551,-29559,2024
WTI-PHYSICAL - NEW YORK MERCANTILE EXCHANGE,2024-05-21 00:00:00,067651,1784152,215685,54138,45124,415981,547154,442723,1695787,1742913,88365,41239,161547,-370857,104431,2024
GOLD - COMMODITY EXCHANGE INC.,2024-05-21 00:00:00,088691,530591,190605,42082,76171,297864,20490,57460,475327,504184,55264,26407,148523,-221693,-36970,2024
WTI-PHYSICAL - NEW YORK MERCANTILE EXCHANGE,2024-05-28 00:00:00,067651,1833461,233415,37230,41448,409580,562019,472761,1750160,1785108,83301,48353,196185,-368132,89258,2024
GOLD - COMMODITY EXCHANGE INC.,2024-05-28 00:00:00,088691,485430,174444,25616,69148,289454,18542,59186,433902,458267,51528,27163,148828,-220306,-40644,2024
WTI-PHYSICAL - NEW YORK MERCANTILE EXCHANGE,2024-06-04 00:00:00,067651,1814253,209744,64432,45780,391078,543849,452182,1721746,1764672,92507,49581,145312,-345298,91667,2024
GOLD - COMMODITY EXCHANGE INC.,2024-06-04 00:00:00,088691,447488,172560,20261,56738,282783,15962,55848,397681,426310,49807,21178,152299,-226045,-39886,2024
WTI-PHYSICAL - NEW YORK MERCANTILE EXCHANGE,2024-06-11 00:00:00,067651,1755642,215373,28691,42085,401048,545152,446366,1676146,1702839,79496,52803,186682,-358963,98786,2024
GOLD - COMMODITY EXCHANGE INC.,2024-06-11 00:00:00,088691,436857,168424,15459,55474,275178,15922,56729,386546,413131,50311,23726,152965,-219704,-40807,2024
WTI-PHYSICAL - NEW YORK MERCANTILE EXCHANGE,2024-06-18 00:00:00,067651,1677538,227938,47304,41459,409872,505116,411326,1600672,1628446,76866,49092,180634,-368413,93790,2024
GOLD - COMMODITY EXCHANGE INC.,2024-06-18 00:00:00,088691,444345,177639,17018,55910,281082,15030,57588,396686,421332,47659,23013,160621,-225172,-42558,2024
WTI-PHYSICAL - NEW YORK MERCANTILE EXCHANGE,2024-06-25 00:00:00,067651,1680601,261959,37321,41453,424390,471503,391235,1600085,1631509,80516,49092,224638,-382937,80268,2024
GOLD - COMMODITY EXCHANGE INC.,2024-06-25 00:00:00,088691,452190,174756,16554,58751,287636,15601,58204,403754,429013,48436,23177,158202,-228885,-42603,2024
WTI-PHYSICAL - NEW YORK MERCANTILE EXCHANGE,2024-07-02 00:00:00,067651,1721585,267529,34326,41892,437322,474725,390377,1640735,1671871,80850,49714,233203,-395430,84348,2024
GOLD - COMMODITY EXCHANGE INC.,2024-07-02 00:00:00,088691,454730,167688,16873,59925,279979,14424,59169,407036,430292,47694,24438,150815,-220054,-44745,2024
WTI-PHYSICAL - NEW YORK MERCANTILE EXCHANGE,2024-07-09 00:00:00,067651,1767729,271012,31000,42438,445997,480718,402596,1676265,1717808,91464,49921,240012,-403559,78122,2024
GOLD - COMMODITY EXCHANGE INC.,2024-07-09 00:00:00,088691,516324,181982,24515,62183,290421,14031,66422,465701,491555,50623,24769,157467,-228238,-52391,2024
WTI-PHYSICAL - NEW YORK MERCANTILE EXCHANGE,2024-07-16 00:00:00,067651,1831212,276160,27659,42395,445155,498135,420439,1747997,1785460,83215,45752,248501,-402760,77696,2024
GOLD - COMMODITY EXCHANGE INC.,2024-07-16 00:00:00,088691,579862,216502,31970,62675,311661,23789,84107,526048,550328,53814,29534,184532,-248986,-60318,2024
WTI-PHYSICAL - NEW YORK MERCANTILE EXCHANGE,2024-07-23 00:00:00,067651,1809094,258257,33216,42751,438502,507687,423386,1724438,1759890,84656,49204,225041,-395751,84301,2024
GOLD - COMMODITY EXCHANGE INC.,2024-07-23 00:00:00,088691,572306,197802,34942,58598,305308,15685,69900,518601,546452,53705,25854,162860,-246710,-54215,2024
WTI-PHYSICAL - NEW YORK MERCANTILE EXCHANGE,2024-07-30 00:00:00,067651,1787630,226272,27022,43644,420556,522697,423989,1702361,1735072,85269,52558,199250,-376912,98708,2024
GOLD - COMMODITY EXCHANGE INC.,2024-07-30 00:00:00,088691,510914,185586,33222,55083,283175,19913,64678,460983,487239,49931,23675,152364,-228092,-44765,2024
WTI-PHYSICAL - NEW YORK MERCANTILE EXCHANGE,2024-08-06 00:00:00,067651,1828846,216359,43725,43229,419450,552693,423886,1751743,1776815,77103,52031,172634,-376221,128807,2024
GOLD - COMMODITY EXCHANGE INC.,2024-08-06 00:00:00,088691,480645,180303,29517,56985,278874,16637,63782,429440,459725,51205,20920,150786,-221889,-47145,2024
WTI-PHYSICAL - NEW YORK MERCANTILE EXCHANGE,2024-08-13 00:00:00,067651,1790876,216524,24759,43316,425089,544875,422688,1719323,1747366,71553,43510,191765,-381773,122187,2024
GOLD - COMMODITY EXCHANGE INC.,2024-08-13 00:00:00,088691,505872,203844,25929,54827,294394,16717,69652,455484,480722,50388,25150,177915,-239567,-52935,2024
WTI-PHYSICAL - NEW YORK MERCANTILE EXCHANGE,2024-08-20 00:00:00,067651,1742632,204954,35041,48407,418560,517920,401840,1669297,1701082,73335,41550,169913,-370153,116080,2024
GOLD - COMMODITY EXCHANGE INC.,2024-08-20 00:00:00,088691,532867,222142,28837,53461,305972,15569,79564,479949,505202,52918,27665,193305,-252511,-63995,2024
WTI-PHYSICAL - NEW YORK MERCANTILE EXCHANGE,2024-08-27 00:00:00,067651,1742613,210977,31008,47811,420972,515484,392996,1671227,1695201,71386,47412,179969,-373161,122488,2024
GOLD - COMMODITY EXCHANGE INC.,2024-08-27 00:00:00,088691,521759,217976,17685,52822,306757,10714,79098,467070,494944,54689,26815,200291,-253935,-68384,2024
WTI-PHYSICAL - NEW YORK MERCANTILE EXCHANGE,2024-09-03 00:00:00,067651,1727524,184324,69056,50049,404391,524946,375110,1648976,1676447,78548,51077,115268,-354342,149836,2024
GOLD - COMMODITY EXCHANGE INC.,2024-09-03 00:00:00,088691,511136,212086,19996,55089,297347,11841,81470,459938,484267,51198,26869,192090,-242258,-69629,2024
WTI-PHYSICAL - NEW YORK MERCANTILE EXCHANGE,2024-09-10 00:00:00,067651,1802465,188368,92535,48956,384391,550376,378775,1718147,1741967,84318,60498,95833,-335435,171601,2024
GOLD - COMMODITY EXCHANGE INC.,2024-09-10 00:00:00,088691,511501,213645,23190,52865,284390,12568,87942,460564,484962,50937,26539,190455,-231525,-75374,2024
WTI-PHYSICAL - NEW YORK MERCANTILE EXCHANGE,2024-09-17 00:00:00,067651,1812275,187270,56497,49356,388864,594969,421571,1735973,1756755,76302,55520,130773,-339508,173398,2024
GOLD - COMMODITY EXCHANGE INC.,2024-09-17 00:00:00,088691,537627,241844,25489,45549,303089,12663,90250,484651,509712,52976,27915,216355,-257540,-77587,2024
WTI-PHYSICAL - NEW YORK MERCANTILE EXCHANGE,2024-09-24 00:00:00,067651,1780393,211573,52491,46257,383916,588810,425546,1711989,1727787,68404,52606,159082,-337659,163264,2024
GOLD - COMMODITY EXCHANGE INC.,2024-09-24 00:00:00,088691,564640,256435,37406,45705,305381,13517,93547,511196,535512,53444,29128,219029,-259676,-80030,2024
WTI-PHYSICAL - NEW YORK MERCANTILE EXCHANGE,2024-10-01 00:00:00,067651,1771336,205645,68716,44658,400323,567971,386910,1699557,1714553,71779,56783,136929,-355665,181061,2024
GOLD - COMMODITY EXCHANGE INC.,2024-10-01 00:00:00,088691,533107,247867,33405,42840,295138,12220,87446,479916,507509,53191,25598,214462,-252298,-75226,2024
WTI-PHYSICAL - NEW YORK MERCANTILE EXCHANGE,2024-10-08 00:00:00,067651,1707072,191953,60890,44416,450687,563047,370595,1632917,1656099,74155,50973,131063,-406271,192452,2024
GOLD - COMMODITY EXCHANGE INC.,2024-10-08 00:00:00,088691,520316,227596,33537,44853,277678,12830,83981,468876,494672,51440,25644,194059,-232825,-71151,2024
WTI-PHYSICAL - NEW YORK MERCANTILE EXCHANGE,2024-10-15 00:00:00,067651,1689760,170958,52412,42843,445516,539989,349729,1612634,1640644,77126,49116,118546,-402673,190260,2024
GOLD - COMMODITY EXCHANGE INC.,2024-10-15 00:00:00,088691,541232,233871,34450,43311,281271,13088,87786,490742,516966,50490,24266,199421,-237960,-74698,2024
WTI-PHYSICAL - NEW YORK MERCANTILE EXCHANGE,2024-10-22 00:00:00,067651,1648928,161903,59957,41486,432009,541202,346848,1579853,1602291,69075,46637,101946,-390523,194354,2024
GOLD - COMMODITY EXCHANGE INC.,2024-10-22 00:00:00,088691,573760,242427,37267,39452,282058,12942,95037,519546,548043,54214,25717,205160,-242606,-82095,2024
WTI-PHYSICAL - NEW YORK MERCANTILE EXCHANGE,2024-10-29 00:00:00,067651,1751736,168343,76710,44207,421452,585060,383502,1678410,1702220,73326,49516,91633,-377245,201558,2024
GOLD - COMMODITY EXCHANGE INC.,2024-10-29 00:00:00,088691,579468,234856,39683,40174,269225,12379,86999,526036,551054,53432,28414,195173,-229051,-74620,2024
WTI-PHYSICAL - NEW YORK MERCANTILE EXCHANGE,2024-11-05 00:00:00,067651,1746717,203273,56622,42715,448681,553985,359245,1680851,1695989,65866,50728,146651,-405966,194740,2024
GOLD - COMMODITY EXCHANGE INC.,2024-11-05 00:00:00,088691,558034,219687,36684,39763,253459,13066,82429,505397,533127,52637,24907,183003,-213696,-69363,2024
WTI-PHYSICAL - NEW YORK MERCANTILE EXCHANGE,2024-11-12 00:00:00,067651,1792299,200728,67065,44234,445888,563765,369688,1717543,1738214,74756,54085,133663,-401654,194077,2024
GOLD - COMMODITY EXCHANGE INC.,2024-11-12 00:00:00,088691,535981,203661,38365,36733,234859,13211,80667,479143,508274,56838,27707,165296,-198126,-67456,2024
WTI-PHYSICAL - NEW YORK MERCANTILE EXCHANGE,2024-11-19 00:00:00,067651,1768651,188283,83342,44214,467092,581412,360705,1709233,1717539,59418,51112,104941,-422878,220707,2024
GOLD - COMMODITY EXCHANGE INC.,2024-11-19 00:00:00,088691,502952,193355,38181,34758,226763,13787,84104,450531,478486,52421,24466,155174,-192005,-70317,2024
WTI-PHYSICAL - NEW YORK MERCANTILE EXCHANGE,2024-11-26 00:00:00,067651,1740661,185017,78608,44402,463560,554317,341767,1679452,1685653,61209,55008,106409,-419158,212550,2024
GOLD - COMMODITY EXCHANGE INC.,2024-11-26 00:00:00,088691,472660,203596,24306,32845,238285,14309,81389,426086,448268,46574,24392,179290,-205440,-67080,2024
WTI-PHYSICAL - NEW YORK MERCANTILE EXCHANGE,2024-12-03 00:00:00,067651,1780843,192032,77211,43387,475139,561683,341528,1714951,1725084,65892,55759,114821,-431752,220155,2024
GOLD - COMMODITY EXCHANGE INC.,2024-12-03 00:00:00,088691,462040,203580,22845,32964,256898,10967,73308,413703,440242,48337,21798,180735,-223934,-62341,2024
WTI-PHYSICAL - NEW YORK MERCANTILE EXCHANGE,2024-12-10 00:00:00,067651,1808227,185282,80314,48366,472250,583244,360870,1740160,1751558,68067,56669,104968,-423884,222374,2024
GOLD - COMMODITY EXCHANGE INC.,2024-12-10 00:00:00,088691,483346,218482,22404,33312,263738,11204,77649,436898,458183,46448,25163,196078,-230426,-66445,2024
WTI-PHYSICAL - NEW YORK MERCANTILE EXCHANGE,2024-12-17 00:00:00,067651,1827905,226042,61655,44290,486081,593848,389060,1763960,1770973,63945,56932,164387,-441791,204788,2024
GOLD - COMMODITY EXCHANGE INC.,2024-12-17 00:00:00,088691,466571,201880,18378,32522,245300,9971,82426,418183,441375,48388,25196,183502,-212778,-72455,2024
WTI-PHYSICAL - NEW YORK MERCANTILE EXCHANGE,2024-12-24 00:00:00,067651,1829252,247311,60397,43647,488339,589409,396103,1769400,1773759,59852,55493,186914,-444692,193306,2024
GOLD - COMMODITY EXCHANGE INC.,2024-12-24 00:00:00,088691,454646,186099,20602,31583,230130,9198,83987,406833,432540,47813,22106,165497,-198547,-74789,2024
WTI-PHYSICAL - NEW YORK MERCANTILE EXCHANGE,2024-12-31 00:00:00,067651,1872970,255707,52659,44428,490144,594089,405044,1809953,1812300,63017,60670,203048,-445716,189045,2024
GOLD - COMMODITY EXCHANGE INC.,2024-12-31 00:00:00,088691,458584,182128,15959,31829,229764,9983,83344,411227,435244,47357,23340,166169,-197935,-73361,2024
WTI-PHYSICAL - NEW YORK MERCANTILE EXCHANGE,2025-01-07 00:00:00,067651,1958411,295756,41877,46029,521630,607736,418265,1888106,1894669,70305,63742,253879,-475601,189471,2025
GOLD - COMMODITY EXCHANGE INC.,2025-01-07 00:00:00,088691,477043,191873,14232,32687,240366,10137,81104,429469,453204,47574,23839,177641,-207679,-70967,2025
WTI-PHYSICAL - NEW YORK MERCANTILE EXCHANGE,2025-01-14 00:00:00,067651,1896350,290600,54358,42826,550238,567273,376985,1818640,1829473,77710,66877,236242,-507412,190288,2025
GOLD - COMMODITY EXCHANGE INC.,2025-01-14 00:00:00,088691,526467,206968,11346,30150,258615,21043,95030,478217,501306,48250,25161,195622,-228465,-73987,2025
WTI-PHYSICAL - NEW YORK MERCANTILE EXCHANGE,2025-01-21 00:00:00,067651,1867000,285606,38161,39969,544778,553236,365023,1793951,1811700,73049,55300,247445,-504809,188213,2025
GOLD - COMMODITY EXCHANGE INC.,2025-01-21 00:00:00,088691,571387,226964,11095,30427,276429,20111,100717,520749,546573,50638,24814,215869,-246002,-80606,2025
WTI-PHYSICAL - NEW YORK MERCANTILE EXCHANGE,2025-01-28 00:00:00,067651,1782462,240582,49051,37304,535353,537188,329527,1705560,1731822,76902,50640,191531,-498049,207661,2025
GOLD - COMMODITY EXCHANGE INC.,2025-01-28 00:00:00,088691,577505,227871,17331,29725,272549,19532,100430,528281,552594,49224,24911,210540,-242824,-80898,2025
WTI-PHYSICAL - NEW YORK MERCANTILE EXCHANGE,2025-02-04 00:00:00,067651,1765342,204272,60136,39320,522697,518705,294904,1687343,1716606,77999,48736,144136,-483377,223801,2025
GOLD - COMMODITY EXCHANGE INC.,2025-02-04 00:00:00,088691,542004,240485,30952,21824,286555,19046,82490,492482,518149,49522,23855,209533,-264731,-63444,2025
WTI-PHYSICAL - NEW YORK MERCANTILE EXCHANGE,2025-02-11 00:00:00,067651,1788275,210539,80235,39547,515409,542562,311393,1709930,1734619,78345,53656,130304,-475862,231169,2025
GOLD - COMMODITY EXCHANGE INC.,2025-02-11 00:00:00,088691,528719,229071,34268,19501,268488,20935,81836,479210,504594,49509,24125,194803,-248987,-60901,2025
WTI-PHYSICAL - NEW YORK MERCANTILE EXCHANGE,2025-02-18 00:00:00,067651,1752594,189761,83869,44035,496981,552840,317320,1678459,1698291,74135,54303,105892,-452946,235520,2025
GOLD - COMMODITY EXCHANGE INC.,2025-02-18 00:00:00,088691,522330,222538,37209,16566,252218,22176,82595,471448,498845,50882,23485,185329,-235652,-60419,2025
WTI-PHYSICAL - NEW YORK MERCANTILE EXCHANGE,2025-02-25 00:00:00,067651,1768799,177427,108654,47903,479707,545485,308645,1690954,1714720,77845,54079,68773,-431804,236840,2025
GOLD - COMMODITY EXCHANGE INC.,2025-02-25 00:00:00,088691,512179,212694,32882,14682,242292,24007,84497,463376,489851,48803,22328,179812,-227610,-60490,2025
WTI-PHYSICAL - NEW YORK MERCANTILE EXCHANGE,2025-03-04 00:00:00,067651,1816244,171447,72798,52840,465817,568285,333288,1735530,1758669,80714,57575,98649,-412977,234997,2025
GOLD - COMMODITY EXCHANGE INC.,2025-03-04 00:00:00,088691,489270,204965,38307,16574,229110,24881,83460,439668,467522,49602,21748,166658,-212536,-58579,2025
WTI-PHYSICAL - NEW YORK MERCANTILE EXCHANGE,2025-03-11 00:00:00,067651,1793310,171354,63610,54307,473173,565995,325873,1721730,1736348,71580,56962,107744,-418866,240122,2025
GOLD - COMMODITY EXCHANGE INC.,2025-03-11 00:00:00,088691,511276,204907,37331,18459,226388,24799,82058,457529,486617,53747,24659,167576,-207929,-57259,2025
WTI-PHYSICAL - NEW YORK MERCANTILE EXCHANGE,2025-03-18 00:00:00,067651,1768386,175659,83396,51831,474198,566019,325880,1697753,1713158,70633,55228,92263,-422367,240139,2025
GOLD - COMMODITY EXCHANGE INC.,2025-03-18 00:00:00,088691,533566,220879,37045,16899,237687,23881,88261,480725,507961,52841,25605,183834,-220788,-64380,2025
WTI-PHYSICAL - NEW YORK MERCANTILE EXCHANGE,2025-03-25 00:00:00,067651,1783978,181704,88461,49936,484255,592745,348564,1718592,1728172,65386,55806,93243,-434319,244181,2025
GOLD - COMMODITY EXCHANGE INC.,2025-03-25 00:00:00,088691,511482,213505,38773,16248,232089,14682,77439,458630,487432,52852,24050,174732,-215841,-62757,2025
WTI-PHYSICAL - NEW YORK MERCANTILE EXCHANGE,2025-04-01 00:00:00,067651,1836468,188212,86795,49047,497560,608450,336647,1763713,1772738,72755,63730,101417,-448513,271803,2025
GOLD - COMMODITY EXCHANGE INC.,2025-04-01 00:00:00,088691,498746,204833,62834,24256,227002,11538,73853,448058,474685,50688,24061,141999,-202746,-62315,2025
WTI-PHYSICAL - NEW YORK MERCANTILE EXCHANGE,2025-04-08 00:00:00,067651,1991545,155667,107128,37154,483838,676913,378788,1911758,1920722,79787,70823,48539,-446684,298125,2025
GOLD - COMMODITY EXCHANGE INC.,2025-04-08 00:00:00,088691,445468,175393,44407,27128,206664,14087,66734,394982,426450,50486,19018,130986,-179536,-52647,2025
WTI-PHYSICAL - NEW YORK MERCANTILE EXCHANGE,2025-04-15 00:00:00,067651,1918217,179562,99649,34738,481240,636108,343321,1852444,1859789,65773,58428,79913,-446502,292787,2025
GOLD - COMMODITY EXCHANGE INC.,2025-04-15 00:00:00,088691,456628,168400,43546,29121,209428,14214,65819,405279,434981,51349,21647,124854,-180307,-51605,2025
WTI-PHYSICAL - NEW YORK MERCANTILE EXCHANGE,2025-04-22 00:00:00,067651,1860519,195213,63478,35585,491900,601670,319240,1800593,1803523,59926,56996,131735,-456315,282430,2025
GOLD - COMMODITY EXCHANGE INC.,2025-04-22 00:00:00,088691,465351,166360,45458,37696,194654,18110,63420,414447,441337,50904,24014,120902,-156958,-45310,2025
WTI-PHYSICAL - NEW YORK MERCANTILE EXCHANGE,2025-04-29 00:00:00,067651,1896516,200874,60843,36899,483462,611678,348607,1830869,1837152,65647,59364,140031,-446563,263071,2025
GOLD - COMMODITY EXCHANGE INC.,2025-04-29 00:00:00,088691,451868,150715,44820,34475,180162,17714,62788,401193,428636,50675,23232,105895,-145687,-45074,2025
WTI-PHYSICAL - NEW YORK MERCANTILE EXCHANGE,2025-05-06 00:00:00,067651,1982266,208513,79938,39978,468387,609194,361375,1920154,1925316,62112,56950,128575,-428409,247819,2025
GOLD - COMMODITY EXCHANGE INC.,2025-05-06 00:00:00,088691,452414,144383,42292,37106,183924,17705,62990,399782,429388,52632,23026,102091,-146818,-45285,2025
WTI-PHYSICAL - NEW YORK MERCANTILE EXCHANGE,2025-05-13 00:00:00,067651,1948099,191026,72930,36231,474311,644044,390802,1886490,1886027,61609,62072,118096,-438080,253242,2025
GOLD - COMMODITY EXCHANGE INC.,2025-05-13 00:00:00,088691,440842,144410,43183,33350,183024,17651,59184,389272,419270,51570,21572,101227,-149674,-41533,2025
WTI-PHYSICAL - NEW YORK MERCANTILE EXCHANGE,2025-05-20 00:00:00,067651,1873273,187115,75236,41376,484589,594159,337740,1817951,1818325,55322,54948,111879,-443213,256419,2025
GOLD - COMMODITY EXCHANGE INC.,2025-05-20 00:00:00,088691,448000,149149,41520,34444,193275,20202,59019,393947,427614,54053,20386,107629,-158831,-38817,2025
WTI-PHYSICAL - NEW YORK MERCANTILE EXCHANGE,2025-05-27 00:00:00,067651,1943708,181394,77447,43524,483024,606643,336250,1886574,1889987,57134,53721,103947,-439500,270393,2025
GOLD - COMMODITY EXCHANGE INC.,2025-05-27 00:00:00,088691,437538,147502,36686,39356,200751,15935,62127,380997,414400,56541,23138,110816,-161395,-46192,2025
